##FastQC	0.12.1
>>Basic Statistics	pass
#Measure	Value
Filename	dad.chr22.2.fq
File type	Conventional base calls
Encoding	Illumina 1.5
Total Sequences	443996
Total Bases	39.9 Mbp
Sequences flagged as poor quality	0
Sequence length	90
%GC	45
>>END_MODULE
>>Per base sequence quality	pass
#Base	Mean	Median	Lower Quartile	Upper Quartile	10th Percentile	90th Percentile
1	32.75667798808998	34.0	31.0	34.0	31.0	34.0
2	32.97010108199173	34.0	33.0	34.0	31.0	34.0
3	32.99130848025658	34.0	33.0	34.0	31.0	34.0
4	36.335739511166764	37.0	37.0	37.0	35.0	37.0
5	36.31579563779854	37.0	37.0	37.0	35.0	37.0
6	36.31449157199614	37.0	37.0	37.0	35.0	37.0
7	36.32212001909927	37.0	37.0	37.0	35.0	37.0
8	36.31967855566266	37.0	37.0	37.0	35.0	37.0
9	38.06816502851377	39.0	39.0	39.0	37.0	39.0
10-11	38.06407377543942	39.0	39.0	39.0	37.0	39.0
12-13	38.032472139388645	39.0	39.0	39.0	36.0	39.0
14-15	39.5457729348913	41.0	40.0	41.0	37.0	41.0
16-17	39.50242344525627	41.0	40.0	41.0	37.0	41.0
18-19	39.48150546401319	41.0	39.5	41.0	37.0	41.0
20-21	39.4332189929639	41.0	39.0	41.0	37.0	41.0
22-23	39.35436693123361	41.0	39.0	41.0	36.0	41.0
24-25	39.285630951630196	41.0	39.0	41.0	36.0	41.0
26-27	39.199133550752705	41.0	39.0	41.0	36.0	41.0
28-29	39.0996304020757	40.0	39.0	41.0	36.0	41.0
30-31	38.97938044486887	40.0	39.0	41.0	35.5	41.0
32-33	38.855762214074005	40.0	38.0	41.0	35.0	41.0
34-35	38.72666195190948	40.0	38.0	41.0	35.0	41.0
36-37	38.5799579275489	40.0	38.0	41.0	34.5	41.0
38-39	38.66315349687835	40.0	38.0	41.0	35.0	41.0
40-41	38.65368606924387	40.0	38.0	41.0	35.0	41.0
42-43	38.525911269470896	40.0	38.0	41.0	34.0	41.0
44-45	38.41924589410715	40.0	38.0	41.0	34.0	41.0
46-47	38.247441418391155	40.0	38.0	41.0	33.0	41.0
48-49	38.049096163028494	40.0	38.0	41.0	33.0	41.0
50-51	37.407225515545186	39.0	37.0	40.5	32.5	40.5
52-53	37.70824399318913	39.5	37.0	40.5	33.0	41.0
54-55	38.09854593284624	40.0	37.0	41.0	34.0	41.0
56-57	37.94415490229642	40.0	37.0	41.0	33.5	41.0
58-59	37.6988373769133	40.0	36.5	41.0	33.0	41.0
60-61	37.408865169956485	39.0	36.0	41.0	33.0	41.0
62-63	37.11026675915999	39.0	35.5	41.0	32.5	41.0
64-65	36.733884989954866	39.0	35.0	41.0	32.0	41.0
66-67	36.34592766601501	38.0	35.0	40.0	31.0	41.0
68-69	35.963040207569435	37.0	35.0	40.0	31.0	41.0
70-71	35.55296781952991	37.0	35.0	39.5	31.0	41.0
72-73	35.12882998945936	36.0	35.0	39.0	30.0	41.0
74-75	34.68643861656412	36.0	34.0	39.0	30.0	40.5
76-77	34.233780259281616	35.0	34.0	37.5	29.0	40.0
78-79	33.84670357390607	35.0	34.0	37.0	29.0	39.0
80-81	33.40437301236948	35.0	34.0	37.0	29.0	39.0
82-83	33.00271961909567	35.0	34.0	36.0	27.5	38.5
84-85	32.60216983936792	35.0	33.0	36.0	27.0	37.0
86-87	32.18192506238795	35.0	33.0	35.5	26.0	37.0
88-89	31.74042221101091	35.0	33.0	35.0	25.0	36.5
90	31.402300921629923	35.0	33.0	35.0	25.0	36.0
>>END_MODULE
>>Per tile sequence quality	fail
#Tile	Base	Mean
0	1	15.74844290667474
0	2	15.546276259691254
0	3	15.518966092614825
0	4	12.283637093091386
0	5	12.296622547989813
0	6	12.292773779847444
0	7	12.289004257366145
0	8	12.292097422427837
0	9	10.588265259431836
0	10-11	10.594193097105482
0	12-13	10.618979891666584
0	14-15	9.153155130656465
0	16-17	9.191201796283316
0	18-19	9.211304576621401
0	20-21	9.238576810787528
0	22-23	9.320130190836927
0	24-25	9.390934432823677
0	26-27	9.476204325213018
0	28-29	9.567409183557537
0	30-31	9.688022485861708
0	32-33	9.819877933830746
0	34-35	9.94527322149797
0	36-37	10.091375242773417
0	38-39	10.011825042361316
0	40-41	9.99811112152647
0	42-43	10.102015107667064
0	44-45	10.21852239224858
0	46-47	10.396263353321487
0	48-49	10.582601074048306
0	50-51	11.197927427487173
0	52-53	10.887749488970726
0	54-55	10.50277472929821
0	56-57	10.650892394226858
0	58-59	10.900216497983429
0	60-61	11.17959667975456
0	62-63	11.47116138737939
0	64-65	11.821804332911853
0	66-67	12.179977879041104
0	68-69	12.571802984587578
0	70-71	12.96316642859366
0	72-73	13.39195095366889
0	74-75	13.808063783216966
0	76-77	14.24789952438283
0	78-79	14.630543151417278
0	80-81	15.057368372889016
0	82-83	15.461231428849374
0	84-85	15.841581350283334
0	86-87	16.26040681147301
0	88-89	16.67306724158454
0	90	17.00843371549592
1101	1	-0.2451889341212805
1101	2	-0.1846690139405851
1101	3	-0.24849659395233914
1101	4	-0.20949723526682362
1101	5	-0.19730780026889505
1101	6	-0.18135557338638364
1101	7	-0.18572211079305845
1101	8	-0.19844984125375476
1101	9	-0.058799417185078084
1101	10-11	-0.05227456458606383
1101	12-13	-0.05768677500007868
1101	14-15	0.09927453364154104
1101	16-17	0.1006545326017303
1101	18-19	0.060210049258216713
1101	20-21	0.1151439749666352
1101	22-23	0.060926210737427766
1101	24-25	0.07073542784855391
1101	26-27	0.06759736003888861
1101	28-29	-0.030252507984748434
1101	30-31	0.1332463664587209
1101	32-33	0.12360927711433334
1101	34-35	0.06950207721936863
1101	36-37	0.17431056615649965
1101	38-39	0.12257131101803509
1101	40-41	0.06801161903890574
1101	42-43	0.10206485891084327
1101	44-45	0.03205473055704289
1101	46-47	0.02193499511253094
1101	48-49	0.044989133749801624
1101	50-51	-0.08147555758745284
1101	52-53	-0.04150424237255379
1101	54-55	0.02347124671114642
1101	56-57	0.08158891163979831
1101	58-59	-0.010529770673286976
1101	60-61	0.0024325006500802715
1101	62-63	0.026186263001278576
1101	64-65	0.016232193608374246
1101	66-67	-0.033753464242479936
1101	68-69	-0.029490547750732787
1101	70-71	-0.05991814852077226
1101	72-73	-0.0754619816544917
1101	74-75	-0.011687460564125729
1101	76-77	-0.04603082387588131
1101	78-79	-0.09900908738868708
1101	80-81	-0.09785550770800455
1101	82-83	0.0064055582026085744
1101	84-85	-0.03787138603507856
1101	86-87	0.03184959754266714
1101	88-89	0.0450572913357874
1101	90	-0.07106877206626905
1102	1	-0.3674991223107682
1102	2	-0.22818026204787856
1102	3	-0.32161361753010453
1102	4	-0.26437015328542657
1102	5	-0.25772527809714063
1102	6	-0.3385667998627042
1102	7	-0.30066965567733206
1102	8	-0.313880838441726
1102	9	-0.10376372607541384
1102	10-11	-0.14221994637278357
1102	12-13	-0.18129184746385363
1102	14-15	-0.13126515919860537
1102	16-17	-0.03615327618044972
1102	18-19	-0.02782585816120786
1102	20-21	0.008051448468684441
1102	22-23	-0.10423575119205708
1102	24-25	-0.0356960019589323
1102	26-27	-0.09716524000437232
1102	28-29	-0.13684806281927564
1102	30-31	-0.03525649964554134
1102	32-33	-0.018437283560558626
1102	34-35	-0.16613982198029476
1102	36-37	-0.1559073659222392
1102	38-39	-0.15257713155173036
1102	40-41	-0.0671062697778737
1102	42-43	-0.11764068943438843
1102	44-45	-0.003397897606490119
1102	46-47	-0.1494794003017006
1102	48-49	-0.09719965058937419
1102	50-51	-0.15669213773021795
1102	52-53	-0.1996599313191325
1102	54-55	-0.18336657504961806
1102	56-57	-0.12311122896154814
1102	58-59	-0.33483784984265696
1102	60-61	-0.3656931753179009
1102	62-63	-0.24713571406989132
1102	64-65	-0.22076813085625702
1102	66-67	-0.20045690356759138
1102	68-69	-0.14241802990517272
1102	70-71	-0.13828284676866076
1102	72-73	-0.12163600285284559
1102	74-75	-0.1570630283772374
1102	76-77	-0.2964845335881847
1102	78-79	-0.397083660176925
1102	80-81	-0.18402655464721818
1102	82-83	-0.48849683202018923
1102	84-85	-0.40071937435434535
1102	86-87	-0.37229246388930903
1102	88-89	-0.3282914540676316
1102	90	-0.29229092218524144
1103	1	-0.16974682352543624
1103	2	-0.17957230427741422
1103	3	-0.19034635299004776
1103	4	-0.19504001743950994
1103	5	-0.18379520657937576
1103	6	-0.23899297385142404
1103	7	-0.19576510729878294
1103	8	-0.1874500101222054
1103	9	-0.03836659435406631
1103	10-11	-0.07856582369521448
1103	12-13	-0.08206449475639488
1103	14-15	0.06786357278004829
1103	16-17	0.11765958566538615
1103	18-19	0.10643077331417317
1103	20-21	0.024042433067769764
1103	22-23	0.012036196058858195
1103	24-25	0.006252100360661927
1103	26-27	0.0371268665533151
1103	28-29	0.0695849886054063
1103	30-31	0.14668218995222304
1103	32-33	0.18454285985337293
1103	34-35	0.1833062937347023
1103	36-37	0.11487393729039042
1103	38-39	0.08406176995052306
1103	40-41	-0.051497233564909095
1103	42-43	0.026297092001264843
1103	44-45	0.14976695273596619
1103	46-47	0.1125383750795379
1103	48-49	0.2601467659543104
1103	50-51	0.18965936830527141
1103	52-53	0.11881998505427305
1103	54-55	0.11765723582562515
1103	56-57	0.02426054044096304
1103	58-59	-0.011445817073145292
1103	60-61	0.036863868614439355
1103	62-63	-0.04537473098440614
1103	64-65	-0.008918034364036487
1103	66-67	0.08815890602108567
1103	68-69	0.15970550852143361
1103	70-71	0.1520263067485743
1103	72-73	0.08994921302485182
1103	74-75	0.033042025166487576
1103	76-77	0.07731640863000422
1103	78-79	0.022188060033464296
1103	80-81	0.04866515269754501
1103	82-83	-0.06661887576333214
1103	84-85	-0.06268322761049205
1103	86-87	-0.08815715719539696
1103	88-89	-0.147646422471162
1103	90	-0.06989526622732001
1104	1	-0.17751383209397886
1104	2	-0.27984686842854956
1104	3	-0.3029973017279346
1104	4	-0.2404893628154383
1104	5	-0.16926763503847297
1104	6	-0.3170431918663681
1104	7	-0.29585431168543863
1104	8	-0.26281106342906924
1104	9	-0.14883956585934754
1104	10-11	-0.11878527227887758
1104	12-13	-0.10980546607052588
1104	14-15	-0.011570326914245754
1104	16-17	0.011917270492965315
1104	18-19	-0.06989342670638621
1104	20-21	-0.042621192540259756
1104	22-23	0.009814051069874097
1104	24-25	0.046508476084902384
1104	26-27	0.029032944181409448
1104	28-29	-0.07859747201650435
1104	30-31	0.018305347758548862
1104	32-33	0.09442036311526891
1104	34-35	0.08379235627334936
1104	36-37	-0.00845836787549814
1104	38-39	-0.014797253811728694
1104	40-41	-0.01977573371478769
1104	42-43	-0.0352561069751971
1104	44-45	-0.1217438307131502
1104	46-47	0.05308531671582983
1104	48-49	0.0056459991730974934
1104	50-51	0.16423358389316434
1104	52-53	0.004222034727796142
1104	54-55	0.17665160117840628
1104	56-57	0.2507260048757729
1104	58-59	0.14314495056246557
1104	60-61	0.0805950158610429
1104	62-63	-0.014279544400977784
1104	64-65	0.13544825970053864
1104	66-67	0.11716589900782992
1104	68-69	-0.034686200104601994
1104	70-71	0.05884030546553731
1104	72-73	-0.017782823369380196
1104	74-75	-0.2543322234386096
1104	76-77	-0.15601062536758548
1104	78-79	-0.10240194009686121
1104	80-81	-0.02707422278486149
1104	82-83	0.004076686752867431
1104	84-85	0.03376105078250191
1104	86-87	0.09900914092393265
1104	88-89	0.1934499370920335
1104	90	0.08580476374883261
1105	1	-0.48208173561460654
1105	2	-0.5006235813262307
1105	3	-0.5247540981641876
1105	4	-0.45960615015185624
1105	5	-0.36951417697044064
1105	6	-0.2573057114085202
1105	7	-0.33738683961318827
1105	8	-0.35257666342271676
1105	9	-0.39822122705464835
1105	10-11	-0.3052504641027909
1105	12-13	-0.2756941941839699
1105	14-15	-0.2542375561479915
1105	16-17	-0.2722322259742356
1105	18-19	-0.32844105135951907
1105	20-21	-0.17835482673234537
1105	22-23	-0.15959953889279888
1105	24-25	-0.14284935096010543
1105	26-27	-0.05280998321305219
1105	28-29	-0.05262261294485171
1105	30-31	-0.04250215642763777
1105	32-33	0.023773005372881073
1105	34-35	-0.1922466513160188
1105	36-37	-0.1689586205016198
1105	38-39	-0.2290334632030735
1105	40-41	-0.263017654308193
1105	42-43	-0.20402622778603785
1105	44-45	-0.29499112126493543
1105	46-47	-0.11287814111412331
1105	48-49	-0.28266124709636387
1105	50-51	-0.122422334039058
1105	52-53	-0.20008834886711213
1105	54-55	-0.25954641537587975
1105	56-57	-0.2330503720688455
1105	58-59	-0.2520092571835022
1105	60-61	-0.28900427414050966
1105	62-63	-0.2935444949735526
1105	64-65	-0.2060176066747914
1105	66-67	-0.31962466467908257
1105	68-69	-0.4190555209768121
1105	70-71	-0.3198224426305032
1105	72-73	-0.39143537383508686
1105	74-75	-0.3071985379277038
1105	76-77	-0.2258683611497645
1105	78-79	-0.2665156721121349
1105	80-81	-0.4028859991300635
1105	82-83	-0.34957938196143346
1105	84-85	-0.36708319661650535
1105	86-87	-0.25906854623764275
1105	88-89	-0.32931749609431193
1105	90	-0.15690809690471852
1106	1	-0.29962643926694454
1106	2	-0.4080184605609105
1106	3	-0.3848952155017997
1106	4	-0.33496022763359434
1106	5	-0.25656894137188857
1106	6	-0.29272661416359114
1106	7	-0.3201367985834196
1106	8	-0.23902944912456547
1106	9	-0.2092130699613861
1106	10-11	-0.22692589422627663
1106	12-13	-0.221839651280618
1106	14-15	-0.20539490874463695
1106	16-17	-0.1161268089176275
1106	18-19	-0.11651260225960414
1106	20-21	-0.11012295280585249
1106	22-23	-0.17120156645227524
1106	24-25	-0.18550370744424782
1106	26-27	-0.31181773940478763
1106	28-29	-0.26001398429116307
1106	30-31	-0.20283645818872742
1106	32-33	-0.24355784237098987
1106	34-35	-0.2273036106533297
1106	36-37	-0.340460848637143
1106	38-39	-0.3116580151642978
1106	40-41	-0.15397713694476778
1106	42-43	-0.14069568823521905
1106	44-45	-0.17430660696339828
1106	46-47	-0.21524176882193302
1106	48-49	-0.11873856346154099
1106	50-51	0.04977927933902038
1106	52-53	-0.03857044798751019
1106	54-55	-0.045688627675787075
1106	56-57	-0.08354416999694081
1106	58-59	-0.12697026324588734
1106	60-61	-0.11236549518633154
1106	62-63	-0.09148636675772792
1106	64-65	-0.026107408616908856
1106	66-67	-0.17069193971381935
1106	68-69	-0.06255477742975302
1106	70-71	-0.2263528779469226
1106	72-73	-0.21758411331298788
1106	74-75	-0.31013952647570875
1106	76-77	-0.4297994511884866
1106	78-79	-0.25519364921314036
1106	80-81	-0.18297835681941876
1106	82-83	-0.10023429219081947
1106	84-85	-0.12019957958270311
1106	86-87	-0.07923069837726615
1106	88-89	-0.05939926747771551
1106	90	-0.24136927898792848
1107	1	-0.30591301290828454
1107	2	-0.32267385199899223
1107	3	-0.31424314044549106
1107	4	-0.2621559076532165
1107	5	-0.2737423068128706
1107	6	-0.26716665202150836
1107	7	-0.25232113354971375
1107	8	-0.22316691115369736
1107	9	-0.2449439736284802
1107	10-11	-0.291138250623483
1107	12-13	-0.2857110986535929
1107	14-15	-0.10000942630556153
1107	16-17	-0.27119582099144424
1107	18-19	-0.11445864005767703
1107	20-21	-0.21898089583942948
1107	22-23	-0.24465015167982784
1107	24-25	-0.1786858203408812
1107	26-27	-0.1079356598949488
1107	28-29	-0.1165074210589907
1107	30-31	-0.07370498993874008
1107	32-33	-0.08295155239412821
1107	34-35	-0.2524185134238479
1107	36-37	-0.1357282568542857
1107	38-39	-0.06524122718447956
1107	40-41	-0.09794248979147113
1107	42-43	-0.08078459449227893
1107	44-45	-0.1113361334401759
1107	46-47	-0.17633530639556483
1107	48-49	-0.1389179132934686
1107	50-51	-0.10549774004819312
1107	52-53	-0.17368014617446903
1107	54-55	-0.12120144344936534
1107	56-57	-0.14545905774633638
1107	58-59	-0.17833897483860994
1107	60-61	-0.1733444967160267
1107	62-63	-0.04745365357370446
1107	64-65	-0.10745851146640462
1107	66-67	-0.0087786362232265
1107	68-69	-0.20816723134689852
1107	70-71	-0.23862061533783674
1107	72-73	-0.21341017812559926
1107	74-75	-0.24778133964230165
1107	76-77	-0.20854127978693526
1107	78-79	-0.13379043011659775
1107	80-81	-0.17606424066273263
1107	82-83	-0.15194802014541153
1107	84-85	-0.17554448739350903
1107	86-87	-0.06647330766325155
1107	88-89	0.06696150815192681
1107	90	0.07470326128891713
1108	1	-0.4154318202007161
1108	2	-0.44716875123372546
1108	3	-0.41329902027665355
1108	4	-0.31942190181028707
1108	5	-0.2634648518645193
1108	6	-0.3539851422210205
1108	7	-0.29001977759379827
1108	8	-0.3976330946879685
1108	9	-0.27480830211222695
1108	10-11	-0.3009270776942259
1108	12-13	-0.21532455115934113
1108	14-15	-0.21829425026123062
1108	16-17	-0.25490162687764695
1108	18-19	-0.14339316554902837
1108	20-21	-0.12376841863709132
1108	22-23	-0.10084577420312968
1108	24-25	-0.21685872085439684
1108	26-27	-0.15890128294429928
1108	28-29	-0.1390729723055344
1108	30-31	-0.19325937866851461
1108	32-33	-0.1925037121998443
1108	34-35	-0.22224316597471727
1108	36-37	-0.05028535445892146
1108	38-39	-0.1305638869904655
1108	40-41	-0.1377228187502979
1108	42-43	-0.030177172012464837
1108	44-45	-0.04076384227436591
1108	46-47	0.020808145746833873
1108	48-49	-0.002249617867207121
1108	50-51	-0.0431505040496063
1108	52-53	-0.0823888941319666
1108	54-55	-0.1807649648023002
1108	56-57	-0.18559704495741158
1108	58-59	-0.22942661927803698
1108	60-61	-0.1507019364144142
1108	62-63	-0.18324502194326442
1108	64-65	-0.4087127828929553
1108	66-67	-0.35534622875205457
1108	68-69	-0.2665072848953116
1108	70-71	-0.1901474825498255
1108	72-73	-0.20746638063555878
1108	74-75	-0.22289033185951013
1108	76-77	-0.2936154064256158
1108	78-79	-0.25984286460602846
1108	80-81	-0.22704531975482922
1108	82-83	-0.23104825068449486
1108	84-85	-0.296801752411497
1108	86-87	-0.31716055924803754
1108	88-89	-0.2956144772792584
1108	90	-0.22099090212971717
1109	1	-0.5069956898164918
1109	2	-0.4340746175017287
1109	3	-0.4108584687886818
1109	4	-0.3170646612945802
1109	5	-0.32443008358913517
1109	6	-0.2896823605034342
1109	7	-0.3839781987742086
1109	8	-0.38649906880023366
1109	9	-0.3289277230243073
1109	10-11	-0.21457883271907718
1109	12-13	-0.32066923114043533
1109	14-15	-0.1714062728523018
1109	16-17	-0.23897364231317653
1109	18-19	-0.2700989321505318
1109	20-21	-0.12423020675633012
1109	22-23	-0.1865364758297403
1109	24-25	-0.22520591805351842
1109	26-27	-0.1732693589975085
1109	28-29	-0.1522399392494833
1109	30-31	-0.29303014571723907
1109	32-33	-0.15906943459030742
1109	34-35	-0.2196390592037858
1109	36-37	-0.17880019582307227
1109	38-39	-0.19203460676148865
1109	40-41	-0.31697659777177734
1109	42-43	-0.16219541864872866
1109	44-45	-0.16849515161106865
1109	46-47	-0.1311050677311414
1109	48-49	-0.2503813820920513
1109	50-51	-0.27084450233738977
1109	52-53	-0.44944349348541834
1109	54-55	-0.37371649877196944
1109	56-57	-0.39507251805384414
1109	58-59	-0.4731168353499058
1109	60-61	-0.408473495684035
1109	62-63	-0.46076843718201843
1109	64-65	-0.43152900042147735
1109	66-67	-0.3747589630641599
1109	68-69	-0.3776706996229535
1109	70-71	-0.467359887195812
1109	72-73	-0.5740139586118147
1109	74-75	-0.5357958659058397
1109	76-77	-0.5236794229855946
1109	78-79	-0.48208842753009407
1109	80-81	-0.4647368902688811
1109	82-83	-0.5170141851857153
1109	84-85	-0.6124537374359633
1109	86-87	-0.6409966972989167
1109	88-89	-0.47991521455580965
1109	90	-0.5480575125742568
1110	1	-0.5198497762520873
1110	2	-0.4686288893602395
1110	3	-0.5535271323174271
1110	4	-0.3694794380739239
1110	5	-0.38562677450341454
1110	6	-0.3854105019953735
1110	7	-0.3580147128235538
1110	8	-0.30004349898137406
1110	9	-0.255230675527514
1110	10-11	-0.3268773635991309
1110	12-13	-0.29057295386186865
1110	14-15	-0.439324544140284
1110	16-17	-0.5174702904375508
1110	18-19	-0.5129501659260285
1110	20-21	-0.477209097071551
1110	22-23	-0.32553376580263915
1110	24-25	-0.3282390089107423
1110	26-27	-0.31580109484117713
1110	28-29	-0.3401111416457141
1110	30-31	-0.42816992606240944
1110	32-33	-0.3257860228088205
1110	34-35	-0.4825723069573158
1110	36-37	-0.3520529415084255
1110	38-39	-0.3133782096712068
1110	40-41	-0.2620514800995437
1110	42-43	-0.47826944517846215
1110	44-45	-0.46508194379477885
1110	46-47	-0.4414737740497827
1110	48-49	-0.40080000996253773
1110	50-51	-0.4433327351144527
1110	52-53	-0.3873182617067812
1110	54-55	-0.30515209997008697
1110	56-57	-0.5191618063151537
1110	58-59	-0.3443634478160291
1110	60-61	-0.42169058311807106
1110	62-63	-0.1890689649241395
1110	64-65	-0.401095396085438
1110	66-67	-0.2549814705523943
1110	68-69	-0.3418149015912846
1110	70-71	-0.21772788034942891
1110	72-73	-0.13481056394628155
1110	74-75	-0.22140776149848307
1110	76-77	-0.011585570468113815
1110	78-79	-0.11810183503258287
1110	80-81	-0.21532810407575198
1110	82-83	-0.15970353050022368
1110	84-85	-0.11878450337520263
1110	86-87	-0.12204576305273207
1110	88-89	-0.08336907277860206
1110	90	0.045696588124641835
1111	1	-0.41602208672023977
1111	2	-0.4953353651436174
1111	3	-0.526608544109088
1111	4	-0.39866145380425166
1111	5	-0.40615156033251054
1111	6	-0.34857364419482906
1111	7	-0.4098068390671443
1111	8	-0.39548514031984894
1111	9	-0.30539392154570777
1111	10-11	-0.33579369285488525
1111	12-13	-0.3562512840269392
1111	14-15	-0.30259123658263576
1111	16-17	-0.34446531071800734
1111	18-19	-0.34483809180660785
1111	20-21	-0.27760548775936655
1111	22-23	-0.2911643930468202
1111	24-25	-0.346185778536956
1111	26-27	-0.36989871309609157
1111	28-29	-0.370173379190156
1111	30-31	-0.36812018256629386
1111	32-33	-0.38520793142684795
1111	34-35	-0.40380207572792415
1111	36-37	-0.22236319844190433
1111	38-39	-0.18137178722917469
1111	40-41	-0.27335519287247223
1111	42-43	-0.32995318823782327
1111	44-45	-0.3112001969191809
1111	46-47	-0.315097280760412
1111	48-49	-0.14196959966371736
1111	50-51	-0.19375024754585013
1111	52-53	-0.25161642912702575
1111	54-55	-0.3472913208999415
1111	56-57	-0.33953032704130237
1111	58-59	-0.3530860119240984
1111	60-61	-0.39008627929431583
1111	62-63	-0.3528148345492781
1111	64-65	-0.29609527078695663
1111	66-67	-0.5046324247898042
1111	68-69	-0.37634760986420446
1111	70-71	-0.5193302688964323
1111	72-73	-0.6717874875464318
1111	74-75	-0.6037592022519931
1111	76-77	-0.6437781506501921
1111	78-79	-0.4596153690582838
1111	80-81	-0.5757227763844384
1111	82-83	-0.7062058234623834
1111	84-85	-0.5557105915924865
1111	86-87	-0.39877416606992
1111	88-89	-0.4227055457338196
1111	90	-0.5648820044512419
1112	1	-0.7588217806278479
1112	2	-0.6533447131451311
1112	3	-0.6926574070693192
1112	4	-0.5394835638890285
1112	5	-0.5505031626861197
1112	6	-0.6137328531279209
1112	7	-0.630136614396335
1112	8	-0.5575551360055186
1112	9	-0.4944890046237518
1112	10-11	-0.5002478378281907
1112	12-13	-0.46472194029804115
1112	14-15	-0.5445707063618599
1112	16-17	-0.5835928973363949
1112	18-19	-0.5638059729679838
1112	20-21	-0.5532741051947809
1112	22-23	-0.5323650713235324
1112	24-25	-0.5180990479091108
1112	26-27	-0.6248695850838857
1112	28-29	-0.5251366155580612
1112	30-31	-0.5877197756670398
1112	32-33	-0.571467612600081
1112	34-35	-0.547462091199435
1112	36-37	-0.6461484464243128
1112	38-39	-0.5538729993316736
1112	40-41	-0.4943083352012607
1112	42-43	-0.5672836920802524
1112	44-45	-0.5679589722492082
1112	46-47	-0.6081586302540032
1112	48-49	-0.532686354884099
1112	50-51	-0.6084528631003181
1112	52-53	-0.5730843707892177
1112	54-55	-0.579347822818022
1112	56-57	-0.7556142387485068
1112	58-59	-0.6354752265901666
1112	60-61	-0.5718246721089955
1112	62-63	-0.5130458141367171
1112	64-65	-0.5212152501582636
1112	66-67	-0.6355622346670486
1112	68-69	-0.5608565226771134
1112	70-71	-0.5668398885257346
1112	72-73	-0.5095019837916297
1112	74-75	-0.540957063277034
1112	76-77	-0.5888029392937284
1112	78-79	-0.6524637974140504
1112	80-81	-0.7600668766371967
1112	82-83	-0.7791349640754532
1112	84-85	-0.8296125852820495
1112	86-87	-0.8848869345787875
1112	88-89	-0.9055808948652384
1112	90	-0.9252365308717394
1113	1	-0.579057093325261
1113	2	-0.594348740308746
1113	3	-0.5735339073851762
1113	4	-0.4382379069086113
1113	5	-0.40150245201018464
1113	6	-0.4747262201525544
1113	7	-0.4772457426338548
1113	8	-0.48352757757216125
1113	9	-0.36610974056816303
1113	10-11	-0.47143190289451553
1113	12-13	-0.4085201083334198
1113	14-15	-0.42278236934352975
1113	16-17	-0.4850482037166799
1113	18-19	-0.45650792337859514
1113	20-21	-0.48486068921247494
1113	22-23	-0.6167448091630732
1113	24-25	-0.4903155671763244
1113	26-27	-0.5366081747869771
1113	28-29	-0.7269658164424655
1113	30-31	-0.5866650141382905
1113	32-33	-0.6591845661692517
1113	34-35	-0.7400392785020244
1113	36-37	-0.7829997572265839
1113	38-39	-0.8894249576386883
1113	40-41	-0.8175138784735267
1113	42-43	-0.806109892332934
1113	44-45	-0.7877276077514139
1113	46-47	-0.9356116466785096
1113	48-49	-0.9333364259517012
1113	50-51	-1.0351975725128284
1113	52-53	-0.9263130110292792
1113	54-55	-0.8366002707017941
1113	56-57	-0.9541076057731388
1113	58-59	-0.7163460020165715
1113	60-61	-0.826653320245434
1113	62-63	-1.027276112620612
1113	64-65	-0.857883167088147
1113	66-67	-1.0262721209588932
1113	68-69	-1.1006970154124218
1113	70-71	-1.1787085714063394
1113	72-73	-1.1164865463311102
1113	74-75	-0.9628737167830366
1113	76-77	-1.0499129756171683
1113	78-79	-1.1150818485827259
1113	80-81	-1.3013816271109846
1113	82-83	-1.2453310711506305
1113	84-85	-1.1518561497166644
1113	86-87	-1.3211556885269893
1113	88-89	-1.2734952584154584
1113	90	-1.345316284504083
1114	1	-0.7143422073708763
1114	2	-0.795860595050641
1114	3	-0.6839150598461572
1114	4	-0.5122812742555496
1114	5	-0.6049380762598844
1114	6	-0.622592366611137
1114	7	-0.5267220331500653
1114	8	-0.4858137420379478
1114	9	-0.6128151727410298
1114	10-11	-0.587979772042182
1114	12-13	-0.5574906965687063
1114	14-15	-0.5650321442535002
1114	16-17	-0.6584380596590549
1114	18-19	-0.691156407772354
1114	20-21	-0.6971974989363616
1114	22-23	-0.6750678883947643
1114	24-25	-0.6942996608137761
1114	26-27	-0.7170729857113542
1114	28-29	-0.6774887756261379
1114	30-31	-0.8551948010530595
1114	32-33	-0.8691976964213595
1114	34-35	-0.7594086512511282
1114	36-37	-0.8425983466623563
1114	38-39	-0.7807920044574104
1114	40-41	-0.7224771137676456
1114	42-43	-0.9114902944937953
1114	44-45	-0.8799169835017224
1114	46-47	-0.8738446898957974
1114	48-49	-0.8186594301533745
1114	50-51	-0.8290833768345536
1114	52-53	-0.834639466611506
1114	54-55	-0.7676334339670916
1114	56-57	-0.8581112072137174
1114	58-59	-0.9767342823286995
1114	60-61	-0.9056374138828929
1114	62-63	-1.0846609415521797
1114	64-65	-1.0887598927784268
1114	66-67	-1.05471599850992
1114	68-69	-1.1133710850402707
1114	70-71	-1.097157701058201
1114	72-73	-1.314831759416343
1114	74-75	-1.1484188098202495
1114	76-77	-1.1470584588104487
1114	78-79	-1.3154352399392621
1114	80-81	-1.4261250244699255
1114	82-83	-1.5345668904783594
1114	84-85	-1.5689828754069417
1114	86-87	-1.5511177983709246
1114	88-89	-1.6954801773830468
1114	90	-1.6722385534116455
1115	1	-0.7500645560118286
1115	2	-0.8346192626968048
1115	3	-0.8207353999224907
1115	4	-0.6500942501921969
1115	5	-0.6532281982788462
1115	6	-0.716181444033154
1115	7	-0.6554733545741556
1115	8	-0.5723801895124652
1115	9	-0.5914362331054761
1115	10-11	-0.6028218282676505
1115	12-13	-0.5111693620647628
1115	14-15	-0.6152030782987552
1115	16-17	-0.6887982037166793
1115	18-19	-0.660038706960691
1115	20-21	-0.7608261742870965
1115	22-23	-0.7458399584168021
1115	24-25	-0.6824984029972185
1115	26-27	-0.5697658240407151
1115	28-29	-0.6549788761439572
1115	30-31	-0.6609327380188859
1115	32-33	-0.7398235587065685
1115	34-35	-0.6884581217856152
1115	36-37	-0.7584755034952408
1115	38-39	-0.7639958531610702
1115	40-41	-0.9081575351899502
1115	42-43	-0.7773878774075627
1115	44-45	-0.8319253689454484
1115	46-47	-0.9482142586188118
1115	48-49	-0.9314287766979632
1115	50-51	-0.8158039157964083
1115	52-53	-0.683295287148681
1115	54-55	-0.6133446736868677
1115	56-57	-0.6147792475641864
1115	58-59	-0.7866491736583612
1115	60-61	-0.7872689918872311
1115	62-63	-0.6933162245609097
1115	64-65	-0.7811807417150121
1115	66-67	-0.7501713746902396
1115	68-69	-0.8544656721288391
1115	70-71	-0.9744455117048503
1115	72-73	-1.0799893448385731
1115	74-75	-1.185966067529307
1115	76-77	-1.2338915203932856
1115	78-79	-1.0885613261946574
1115	80-81	-1.0638256569617255
1115	82-83	-1.020559615926743
1115	84-85	-1.1518514855375628
1115	86-87	-1.3154140840493795
1115	88-89	-1.4227536539378463
1115	90	-1.4470886725637833
1116	1	-0.7022945564521024
1116	2	-0.7097709379488606
1116	3	-0.7642197480931401
1116	4	-0.6656254437817708
1116	5	-0.5741739121871774
1116	6	-0.6128309399165701
1116	7	-0.6390193414539169
1116	8	-0.5845987427639017
1116	9	-0.7031801682967753
1116	10-11	-0.6394352214785854
1116	12-13	-0.6320525567110025
1116	14-15	-0.6285557837978146
1116	16-17	-0.7070282922122573
1116	18-19	-0.609639376180958
1116	20-21	-0.7484438381800231
1116	22-23	-0.7633506351217747
1116	24-25	-0.6468236792707174
1116	26-27	-0.7860375626925844
1116	28-29	-0.6679890465309555
1116	30-31	-0.7966382810999448
1116	32-33	-0.825844780033556
1116	34-35	-0.9154937401539485
1116	36-37	-0.9611321318578518
1116	38-39	-0.820328349969067
1116	40-41	-0.8195879935177786
1116	42-43	-0.7174539188816098
1116	44-45	-0.8100911770729553
1116	46-47	-0.9901673251445899
1116	48-49	-0.7123841766891559
1116	50-51	-0.888503250978907
1116	52-53	-0.9296546408227897
1116	54-55	-0.9087296954805524
1116	56-57	-0.9036798771595755
1116	58-59	-1.0242672778277822
1116	60-61	-1.0139136447292145
1116	62-63	-0.9025849253049714
1116	64-65	-1.01093902992001
1116	66-67	-0.9566002920503394
1116	68-69	-1.0078430331115413
1116	70-71	-1.1492229519373112
1116	72-73	-1.0888750050331808
1116	74-75	-0.9379539158980776
1116	76-77	-1.048560652608316
1116	78-79	-0.9579524238039596
1116	80-81	-1.3166729250460918
1116	82-83	-1.1865561817700936
1116	84-85	-1.1628434284777285
1116	86-87	-1.0788262268750728
1116	88-89	-1.1124784811293225
1116	90	-1.1626577299318086
1201	1	-0.21707433470457005
1201	2	-0.22350061657649434
1201	3	-0.18184526641154264
1201	4	-0.2183913044745367
1201	5	-0.19019286783169065
1201	6	-0.1423174980430204
1201	7	-0.13188823756286183
1201	8	-0.16632042747074394
1201	9	-0.08009173853976392
1201	10-11	-0.043230837985795745
1201	12-13	-0.06864688318128742
1201	14-15	-0.04106393628065774
1201	16-17	0.11158719182083843
1201	18-19	0.018606807858716934
1201	20-21	0.02255247001674121
1201	22-23	0.1685074727841922
1201	24-25	0.1257214510792508
1201	26-27	0.14354712440166395
1201	28-29	0.08972155678268479
1201	30-31	0.030821674502675478
1201	32-33	0.11044588514920406
1201	34-35	0.14862007748174477
1201	36-37	0.10455982695192034
1201	38-39	0.05290009307125132
1201	40-41	-0.03434323952829743
1201	42-43	0.03406378920865194
1201	44-45	-0.07255265846136183
1201	46-47	0.09098951965008695
1201	48-49	0.16525827485966005
1201	50-51	0.06101059178737955
1201	52-53	0.07892595955895843
1201	54-55	0.0022676299067256878
1201	56-57	-0.02760659157435441
1201	58-59	-0.18345490161089373
1201	60-61	0.08324779537321803
1201	62-63	-0.0252889168802497
1201	64-65	-0.057506011915734234
1201	66-67	-0.03198966659783764
1201	68-69	0.010951057609887016
1201	70-71	-0.055596248891127686
1201	72-73	-0.03401253517492364
1201	74-75	-0.04284899568769873
1201	76-77	-0.20950412673278862
1201	78-79	-0.013980175154728158
1201	80-81	0.06801746011011289
1201	82-83	0.14480140856539947
1201	84-85	0.23661177624681784
1201	86-87	0.325822632974031
1201	88-89	0.2633309332681151
1201	90	0.26908280271701557
1202	1	-0.19361316809161622
1202	2	-0.24157420759846815
1202	3	-0.29037970177769523
1202	4	-0.177110570460016
1202	5	-0.25758305948681937
1202	6	-0.18853463136751003
1202	7	-0.14650976132544713
1202	8	-0.2826689327123475
1202	9	-0.19117399290460924
1202	10-11	-0.1609470898104064
1202	12-13	-0.1254126316978983
1202	14-15	-0.02301309364260362
1202	16-17	-0.028424371940978688
1202	18-19	0.025790557929809665
1202	20-21	0.09792260518005236
1202	22-23	0.03321430298645822
1202	24-25	-0.013738464372586634
1202	26-27	0.1472323625961991
1202	28-29	0.10572694056688192
1202	30-31	0.03007856062806269
1202	32-33	0.08156017682140515
1202	34-35	0.10228256729236307
1202	36-37	0.027823840904254382
1202	38-39	0.04780635077253237
1202	40-41	0.15091485984422803
1202	42-43	-0.007330686725460112
1202	44-45	-0.028206579714037616
1202	46-47	-0.00420393639814165
1202	48-49	-0.16880079511057744
1202	50-51	-0.011885656624983199
1202	52-53	0.08074014317633527
1202	54-55	0.009784075092603928
1202	56-57	0.1915465998343322
1202	58-59	0.07404827368436173
1202	60-61	-0.05825378753515764
1202	62-63	-0.07463300514397275
1202	64-65	-0.10202744278907971
1202	66-67	-0.09432118637946019
1202	68-69	-0.048757763075968796
1202	70-71	0.022044933266556654
1202	72-73	0.07466123404272196
1202	74-75	-0.027917525194247617
1202	76-77	0.08481541223329714
1202	78-79	-0.11571853082570982
1202	80-81	-0.11132321589603578
1202	82-83	-0.025684459001098503
1202	84-85	-0.014493416071807985
1202	86-87	-0.12370533805970041
1202	88-89	-0.17272715093881885
1202	90	-0.10184665833585882
1203	1	-0.28650332988439686
1203	2	-0.27003198403634343
1203	3	-0.2946539790697642
1203	4	-0.19306541586918513
1203	5	-0.3135925057736273
1203	6	-0.2045380481095478
1203	7	-0.19934699711414083
1203	8	-0.21865526574420358
1203	9	-0.10886735705562245
1203	10-11	-0.10159543336046539
1203	12-13	-0.10503444525097905
1203	14-15	0.04025190485001673
1203	16-17	0.030807531050335513
1203	18-19	-0.003301158145617933
1203	20-21	0.0481646244075975
1203	22-23	-0.0024504543243679677
1203	24-25	-0.0024347428035653707
1203	26-27	-0.08517560310239958
1203	28-29	-0.10149762647830585
1203	30-31	0.011051159696833679
1203	32-33	-0.10395719161728323
1203	34-35	0.02950261217897321
1203	36-37	0.10795230370531073
1203	38-39	0.104118949171351
1203	40-41	0.17866667708202755
1203	42-43	0.09574270623337355
1203	44-45	0.06888081518764722
1203	46-47	-0.06879041011937659
1203	48-49	0.18071935361820124
1203	50-51	0.20240771422552228
1203	52-53	0.2555810301893615
1203	54-55	0.27383207696846057
1203	56-57	0.2965017132232788
1203	58-59	0.3486932004923915
1203	60-61	0.3758332388943444
1203	62-63	0.23460224759444515
1203	64-65	0.16006598165736818
1203	66-67	0.13920726972210673
1203	68-69	0.15065603118256377
1203	70-71	0.056804421425205476
1203	72-73	0.09266779954702287
1203	74-75	0.15170177604851176
1203	76-77	0.02836547420361768
1203	78-79	-0.05449269087662856
1203	80-81	0.13577339081016504
1203	82-83	0.07413465465582192
1203	84-85	0.048570597595158915
1203	86-87	0.05162544946583836
1203	88-89	0.09645433835873263
1203	90	0.047860238793411725
1204	1	-0.25413884891906235
1204	2	-0.17661530657380808
1204	3	-0.2830993118602194
1204	4	-0.18452125458503588
1204	5	-0.28599363101190534
1204	6	-0.25800074683069596
1204	7	-0.317708307177746
1204	8	-0.31977865330365773
1204	9	-0.146674499604309
1204	10-11	-0.15408573249865043
1204	12-13	-0.24892028045045578
1204	14-15	0.014600913788996195
1204	16-17	0.038447923649926
1204	18-19	-0.053325371743483174
1204	20-21	-0.042834548937086936
1204	22-23	-0.053363785066686376
1204	24-25	-0.18608794239147386
1204	26-27	-0.12319326514842999
1204	28-29	-0.11503487840460025
1204	30-31	-0.07402570690938148
1204	32-33	-0.06179160145324403
1204	34-35	0.0709186603964227
1204	36-37	0.1094475319300443
1204	38-39	0.03247908711174574
1204	40-41	-0.055675453344441905
1204	42-43	-0.10968885102484904
1204	44-45	-0.0504104821059812
1204	46-47	0.009860599448856533
1204	48-49	-0.025402368292482436
1204	50-51	0.08820281475051672
1204	52-53	-0.03780989140793167
1204	54-55	-0.05875711235411529
1204	56-57	-0.03370313073011744
1204	58-59	0.08352114514350006
1204	60-61	-0.04243430131256076
1204	62-63	-0.16954429248291802
1204	64-65	0.010272491259527783
1204	66-67	-0.026992861062169027
1204	68-69	-0.07148445086853172
1204	70-71	-0.05834820135470409
1204	72-73	-0.1153640205135531
1204	74-75	0.04128237185723549
1204	76-77	-0.07137758405090722
1204	78-79	-0.0815910998735987
1204	80-81	-0.1543355858028974
1204	82-83	-0.1377358689131114
1204	84-85	-0.27416735883886645
1204	86-87	-0.2890768374082242
1204	88-89	-0.329944806608232
1204	90	-0.20068848760218927
1205	1	-0.4186414709359525
1205	2	-0.3785357703839338
1205	3	-0.3874666559231841
1205	4	-0.3370813697323385
1205	5	-0.37255038434101095
1205	6	-0.34548854262540374
1205	7	-0.2723992514057869
1205	8	-0.3127480245228753
1205	9	-0.32067375477033977
1205	10-11	-0.26127891626126853
1205	12-13	-0.22187223865923045
1205	14-15	-0.13715397544211072
1205	16-17	-0.17513070162812738
1205	18-19	-0.15586334317809758
1205	20-21	-0.08431374894514221
1205	22-23	-0.021557361376942197
1205	24-25	-0.04807976934841918
1205	26-27	-0.10232533226400875
1205	28-29	-0.04996759171397258
1205	30-31	-0.021250697095680948
1205	32-33	-0.0969975883079357
1205	34-35	-0.10568751367328844
1205	36-37	-0.05774756424413141
1205	38-39	-0.09134956081328482
1205	40-41	-0.006065987913792981
1205	42-43	-0.03039926158941597
1205	44-45	-0.1427975743345442
1205	46-47	0.032437121074202935
1205	48-49	-0.06568631108118694
1205	50-51	-0.06815444385785696
1205	52-53	-0.10974424536511407
1205	54-55	-0.1538668747118166
1205	56-57	-0.1402521337597733
1205	58-59	0.008821343430376771
1205	60-61	-0.08230808215019891
1205	62-63	-0.08230561345603604
1205	64-65	-0.1330828851332626
1205	66-67	-0.1278750867065952
1205	68-69	-0.2707199895143475
1205	70-71	-0.13875504174886544
1205	72-73	-0.1235043512601024
1205	74-75	-0.23036562363348878
1205	76-77	-0.28342879641917307
1205	78-79	-0.2520800733112125
1205	80-81	-0.19492903730312605
1205	82-83	-0.24637091033191894
1205	84-85	-0.19517721279102318
1205	86-87	-0.17359485937075902
1205	88-89	-0.2187456239125325
1205	90	-0.1452839119059206
1206	1	-0.3918211197279007
1206	2	-0.3580141693516481
1206	3	-0.3407698809825348
1206	4	-0.278244095027425
1206	5	-0.2751596302280106
1206	6	-0.28890938846938496
1206	7	-0.2555501980793977
1206	8	-0.29123591090549894
1206	9	-0.12378094518862781
1206	10-11	-0.11661548375260367
1206	12-13	-0.14999700602318455
1206	14-15	-0.11045873072967538
1206	16-17	-0.06704902879919672
1206	18-19	-0.04323337717397635
1206	20-21	-0.04030107700125285
1206	22-23	-0.075909413123469
1206	24-25	-0.08967612823243343
1206	26-27	9.56800460542695E-4
1206	28-29	-0.04150170753157312
1206	30-31	-0.009172233610243552
1206	32-33	-0.16238279224186414
1206	34-35	-0.07659146497067582
1206	36-37	-0.07694158890975444
1206	38-39	-0.20682182232515345
1206	40-41	-0.02540372995867557
1206	42-43	0.04343424958125297
1206	44-45	-0.08593305329597456
1206	46-47	-0.045155788592708745
1206	48-49	-0.15832301836093876
1206	50-51	-0.11972933818939424
1206	52-53	-0.056969982976468714
1206	54-55	-0.03806685486020456
1206	56-57	-0.007110906103179104
1206	58-59	-0.004486472313601553
1206	60-61	-0.05472675258867099
1206	62-63	-0.15012574133348267
1206	64-65	-0.1258029278142203
1206	66-67	-0.066309249671761
1206	68-69	-0.13281747745863015
1206	70-71	-0.1383187199211946
1206	72-73	-0.140227264152891
1206	74-75	-0.13046756991835196
1206	76-77	-0.15556582215182146
1206	78-79	-0.1235822611239783
1206	80-81	-0.09032139608788725
1206	82-83	-0.11426362065557782
1206	84-85	-0.2776430721589094
1206	86-87	-0.26022025123325676
1206	88-89	-0.3632363887784962
1206	90	-0.19948707658328857
1207	1	-0.38326056335680647
1207	2	-0.34252500213840165
1207	3	-0.3879739704766578
1207	4	-0.23844492583605614
1207	5	-0.24911877693132567
1207	6	-0.31684767125666013
1207	7	-0.27803044294931567
1207	8	-0.3403946911368294
1207	9	-0.19801234309182547
1207	10-11	-0.2449236221374207
1207	12-13	-0.27967941432710575
1207	14-15	-0.1118290964728672
1207	16-17	-0.13135340876400647
1207	18-19	-0.1625124580789148
1207	20-21	-0.19162823653108063
1207	22-23	-0.1838130268286946
1207	24-25	-0.003387333737833842
1207	26-27	-0.01038873472388957
1207	28-29	-0.1076696807957731
1207	30-31	-0.26741915451684406
1207	32-33	-0.1986551891976447
1207	34-35	-0.08745548512663248
1207	36-37	-0.056889741453709064
1207	38-39	-0.14787527309609771
1207	40-41	-0.1675040204293694
1207	42-43	-0.21107637498277398
1207	44-45	-0.21207697683659177
1207	46-47	-0.3572855425775714
1207	48-49	-0.22773015623560156
1207	50-51	-0.30167825074626364
1207	52-53	-0.16784988011444568
1207	54-55	-0.174275743887911
1207	56-57	-0.17166281082046453
1207	58-59	-0.2882693064329729
1207	60-61	-0.1082582098353484
1207	62-63	-0.22363356530200207
1207	64-65	-0.2716499257632279
1207	66-67	-0.18240382442893122
1207	68-69	-0.14073644758907733
1207	70-71	-0.2406979247186456
1207	72-73	-0.2961405289809491
1207	74-75	-0.11898668996915518
1207	76-77	-0.13064937151622047
1207	78-79	-0.27008776340922225
1207	80-81	-0.09444550723716816
1207	82-83	-0.08845311373737275
1207	84-85	-0.10321360239805699
1207	86-87	-0.30781085414212583
1207	88-89	-0.33876241141230423
1207	90	-0.24550950216969625
1208	1	-0.34026065663079663
1208	2	-0.3263545212033634
1208	3	-0.3688276905542409
1208	4	-0.30620369538473113
1208	5	-0.29625084094119813
1208	6	-0.286452907036562
1208	7	-0.36300484043521664
1208	8	-0.3083574676403984
1208	9	-0.1956619581572454
1208	10-11	-0.27805860873227317
1208	12-13	-0.21650153365563085
1208	14-15	-0.16033994136779484
1208	16-17	-0.10750934852335803
1208	18-19	-0.16018897910262808
1208	20-21	-0.07946716191906944
1208	22-23	-0.15977883114942415
1208	24-25	-0.21710195838178237
1208	26-27	-0.14547876803943893
1208	28-29	-0.12516094532798405
1208	30-31	0.029190037036840977
1208	32-33	-0.2305390487317993
1208	34-35	-0.1294045647036981
1208	36-37	-0.17587267231377268
1208	38-39	-0.115923251800929
1208	40-41	-0.13153254792008084
1208	42-43	-0.08903872099100596
1208	44-45	-0.11695903307363409
1208	46-47	-0.10980184758829381
1208	48-49	-0.07623137477656172
1208	50-51	0.022415676160406406
1208	52-53	-0.11149236091554826
1208	54-55	-0.23225180595576944
1208	56-57	-0.3585844821946722
1208	58-59	-0.33481003727055025
1208	60-61	-0.32571037104149525
1208	62-63	-0.4325535481778502
1208	64-65	-0.2763761068152135
1208	66-67	-0.2100903544691306
1208	68-69	-0.21022885771719757
1208	70-71	-0.29915351075432994
1208	72-73	-0.23617641555021862
1208	74-75	-0.27533272929251495
1208	76-77	-0.2339048728878268
1208	78-79	-0.2909883118124412
1208	80-81	-0.3971426202876387
1208	82-83	-0.39851080011196416
1208	84-85	-0.4525808938410023
1208	86-87	-0.560669761688473
1208	88-89	-0.5282216136087854
1208	90	-0.5283365650196217
1209	1	-0.5386419641739693
1209	2	-0.5061222642939853
1209	3	-0.4766058631047301
1209	4	-0.3761415046945942
1209	5	-0.37053612359690646
1209	6	-0.3478166260566127
1209	7	-0.31099574263385676
1209	8	-0.40310552960168167
1209	9	-0.42797090292978623
1209	10-11	-0.461157456400052
1209	12-13	-0.3773300714330503
1209	14-15	-0.39850538594870244
1209	16-17	-0.34163953212996745
1209	18-19	-0.2912784492088605
1209	20-21	-0.3440800157807402
1209	22-23	-0.38946390510403006
1209	24-25	-0.3016854933755795
1209	26-27	-0.3632790696209298
1209	28-29	-0.267277163305927
1209	30-31	-0.23079670233017424
1209	32-33	-0.37163498129840633
1209	34-35	-0.26542788551310537
1209	36-37	-0.30345870556606513
1209	38-39	-0.39260300191912023
1209	40-41	-0.37901064969123865
1209	42-43	-0.3197561100451125
1209	44-45	-0.3718835118104593
1209	46-47	-0.21812779058994636
1209	48-49	-0.303007782040261
1209	50-51	-0.27698032159031527
1209	52-53	-0.28789626748684327
1209	54-55	-0.3429817282663663
1209	56-57	-0.238775502452107
1209	58-59	-0.3407429116106684
1209	60-61	-0.2949420656328883
1209	62-63	-0.2849271735062189
1209	64-65	-0.3169410545420206
1209	66-67	-0.3764796855345409
1209	68-69	-0.3245069785120478
1209	70-71	-0.23794058247644756
1209	72-73	-0.22317819762262303
1209	74-75	-0.2690579880007462
1209	76-77	-0.22368719148433058
1209	78-79	-0.30635721758640955
1209	80-81	-0.3031482322770387
1209	82-83	-0.23249550842000133
1209	84-85	-0.28055887111888467
1209	86-87	-0.35546034719858
1209	88-89	-0.31438663295420355
1209	90	-0.25724894133065135
1210	1	-0.5285021325829362
1210	2	-0.575065638952573
1210	3	-0.6066584612752521
1210	4	-0.4758204372440886
1210	5	-0.5106579659288144
1210	6	-0.399588818296742
1210	7	-0.5561063778943804
1210	8	-0.4902009358876498
1210	9	-0.4688368105181979
1210	10-11	-0.4825378093898749
1210	12-13	-0.41528135030343805
1210	14-15	-0.39752295642419
1210	16-17	-0.3826740067145451
1210	18-19	-0.3040416046776713
1210	20-21	-0.4048921399619374
1210	22-23	-0.5210546771145417
1210	24-25	-0.5030698498315687
1210	26-27	-0.4206550609397297
1210	28-29	-0.3976157985980677
1210	30-31	-0.48649571542308934
1210	32-33	-0.4677737435425584
1210	34-35	-0.44623284559695975
1210	36-37	-0.41040919691251787
1210	38-39	-0.46604790553303843
1210	40-41	-0.36912656583970005
1210	42-43	-0.43510123780045973
1210	44-45	-0.4042470581440014
1210	46-47	-0.31501430549364784
1210	48-49	-0.4916316168867425
1210	50-51	-0.48230098079262973
1210	52-53	-0.4302376630635365
1210	54-55	-0.5611082114583894
1210	56-57	-0.6139184551664343
1210	58-59	-0.4663074135083676
1210	60-61	-0.468868702115536
1210	62-63	-0.5563189837840667
1210	64-65	-0.5311578369668055
1210	66-67	-0.5223775813443297
1210	68-69	-0.5284825257621719
1210	70-71	-0.4965052345041272
1210	72-73	-0.44102549172725247
1210	74-75	-0.47994478209352565
1210	76-77	-0.48764651416107085
1210	78-79	-0.5493283689253374
1210	80-81	-0.6007329832851482
1210	82-83	-0.5134295276102989
1210	84-85	-0.49888974179375367
1210	86-87	-0.552227021503434
1210	88-89	-0.5267900032405848
1210	90	-0.6453849854319884
1211	1	-0.592701131919334
1211	2	-0.6535859043335535
1211	3	-0.6209374222025446
1211	4	-0.48617682834210996
1211	5	-0.40151666634513106
1211	6	-0.4536080258038311
1211	7	-0.4656477067965028
1211	8	-0.47978403863349683
1211	9	-0.47307174952750586
1211	10-11	-0.433718687870396
1211	12-13	-0.5195452633988893
1211	14-15	-0.5012211615557973
1211	16-17	-0.5103833174313621
1211	18-19	-0.5871103096639203
1211	20-21	-0.47851485013597284
1211	22-23	-0.42866374438016663
1211	24-25	-0.49569547758293453
1211	26-27	-0.4824448822301264
1211	28-29	-0.4260436076209615
1211	30-31	-0.3898548401203783
1211	32-33	-0.43477403033190143
1211	34-35	-0.41137736430492566
1211	36-37	-0.5020086304174853
1211	38-39	-0.43131761787299894
1211	40-41	-0.46639611486222776
1211	42-43	-0.5985362362336915
1211	44-45	-0.4861640309078652
1211	46-47	-0.551014386168518
1211	48-49	-0.7619888639255024
1211	50-51	-0.8330856669304723
1211	52-53	-0.7297556798783447
1211	54-55	-0.7467083857948325
1211	56-57	-0.5941110516725274
1211	58-59	-0.47056227527638583
1211	60-61	-0.5302585924714904
1211	62-63	-0.6067159386026972
1211	64-65	-0.6302976657097901
1211	66-67	-0.6401461733365608
1211	68-69	-0.5457021842614935
1211	70-71	-0.5805964935290149
1211	72-73	-0.7286555246219493
1211	74-75	-0.7953131981751795
1211	76-77	-0.7713975121437073
1211	78-79	-0.8642879995131167
1211	80-81	-0.9343614685996116
1211	82-83	-0.8967975167054192
1211	84-85	-0.7928087255264487
1211	86-87	-0.815402974881227
1211	88-89	-0.9017087749557788
1211	90	-0.9681341687218605
1212	1	-0.7256554539809983
1212	2	-0.7055270189972731
1212	3	-0.6489027598441908
1212	4	-0.4691497921545178
1212	5	-0.526328271682317
1212	6	-0.4737835972017379
1212	7	-0.46902852951910035
1212	8	-0.6305255283918356
1212	9	-0.5009150684370169
1212	10-11	-0.5202331324027156
1212	12-13	-0.5659381411202986
1212	14-15	-0.5694678201632044
1212	16-17	-0.5507654168314318
1212	18-19	-0.6077118168212223
1212	20-21	-0.5948658121632917
1212	22-23	-0.60872226817947
1212	24-25	-0.4700491737336989
1212	26-27	-0.6644514124918999
1212	28-29	-0.5073449148031202
1212	30-31	-0.6014857108596061
1212	32-33	-0.647663049775808
1212	34-35	-0.6209562866987568
1212	36-37	-0.5345263965708469
1212	38-39	-0.5416175805895023
1212	40-41	-0.43565937027680235
1212	42-43	-0.4143783349558845
1212	44-45	-0.3988546569317464
1212	46-47	-0.46963828602277147
1212	48-49	-0.6167431882467795
1212	50-51	-0.45748240857840017
1212	52-53	-0.42897182250468546
1212	54-55	-0.553946582177204
1212	56-57	-0.5133699008551105
1212	58-59	-0.4489638298854217
1212	60-61	-0.5151574186061012
1212	62-63	-0.30129762901405144
1212	64-65	-0.4562284539733952
1212	66-67	-0.439038514401517
1212	68-69	-0.42852488426488833
1212	70-71	-0.3581450468161762
1212	72-73	-0.4283769151835699
1212	74-75	-0.4453788397338556
1212	76-77	-0.4868545739778227
1212	78-79	-0.5632273403859998
1212	80-81	-0.4924676926847553
1212	82-83	-0.4731948006588169
1212	84-85	-0.43907438742158433
1212	86-87	-0.579921057379444
1212	88-89	-0.5456212830056231
1212	90	-0.6269761205696547
1213	1	-0.6190619289152011
1213	2	-0.6058836371494962
1213	3	-0.6022460285972997
1213	4	-0.43460919962299016
1213	5	-0.4448345764460342
1213	6	-0.3990379545174818
1213	7	-0.45438710304649277
1213	8	-0.41712243572818863
1213	9	-0.35241817061329783
1213	10-11	-0.40612927555731204
1213	12-13	-0.45033023083502854
1213	14-15	-0.4548397113809344
1213	16-17	-0.4316221882427982
1213	18-19	-0.4640661519408127
1213	20-21	-0.5090053942414912
1213	22-23	-0.4764526589374114
1213	24-25	-0.5881113440944361
1213	26-27	-0.48124248329762054
1213	28-29	-0.6018364644115124
1213	30-31	-0.5937312214239157
1213	32-33	-0.6137132976328203
1213	34-35	-0.6707809371093845
1213	36-37	-0.7268065754084034
1213	38-39	-0.4733458151499619
1213	40-41	-0.7704253065844213
1213	42-43	-0.7371209335966356
1213	44-45	-0.7753525271582546
1213	46-47	-0.6517701734354446
1213	48-49	-0.8090817112515012
1213	50-51	-0.8581654158397143
1213	52-53	-0.7228243343690508
1213	54-55	-0.6635695647056608
1213	56-57	-0.6050715000349101
1213	58-59	-0.6745739597857536
1213	60-61	-0.6331048031596893
1213	62-63	-0.5752602760635526
1213	64-65	-0.6433794195059477
1213	66-67	-0.7587713150272393
1213	68-69	-0.6271009483589083
1213	70-71	-0.6180714824314819
1213	72-73	-0.5319690979107392
1213	74-75	-0.6561528512124397
1213	76-77	-0.6702178192664263
1213	78-79	-0.6495986925543562
1213	80-81	-0.7047206019659171
1213	82-83	-0.7866731488424392
1213	84-85	-0.7293406355322674
1213	86-87	-0.7550670763413052
1213	88-89	-0.8527225714393154
1213	90	-0.6595224418219416
1214	1	-0.6344684857303236
1214	2	-0.5657490567644388
1214	3	-0.5525528947269507
1214	4	-0.4372489828579802
1214	5	-0.40084580644056444
1214	6	-0.43064394167154063
1214	7	-0.3736539704819535
1214	8	-0.37815574212912395
1214	9	-0.47249423423905057
1214	10-11	-0.4295410801097077
1214	12-13	-0.4636150450422747
1214	14-15	-0.5038068946599878
1214	16-17	-0.5110133935900976
1214	18-19	-0.5098979550241722
1214	20-21	-0.4791447081998115
1214	22-23	-0.4558191762516799
1214	24-25	-0.7596984785687297
1214	26-27	-0.670314662128753
1214	28-29	-0.6607553734044913
1214	30-31	-0.6037496660370252
1214	32-33	-0.6817043446502637
1214	34-35	-0.7135875379957
1214	36-37	-0.720650073682279
1214	38-39	-0.6441876158665352
1214	40-41	-0.7439774860684665
1214	42-43	-0.5752000822063579
1214	44-45	-0.6529965950931924
1214	46-47	-0.7274708238937038
1214	48-49	-0.7006267740529566
1214	50-51	-0.8384649775761162
1214	52-53	-0.7030732958394026
1214	54-55	-0.5810860301954648
1214	56-57	-0.4972088715959302
1214	58-59	-0.487758185560871
1214	60-61	-0.8039476240429124
1214	62-63	-0.5870664607218785
1214	64-65	-0.7990817430375188
1214	66-67	-0.8171740196930699
1214	68-69	-0.8443362559187477
1214	70-71	-0.6700614195076113
1214	72-73	-0.7479224640526283
1214	74-75	-0.8232653307070876
1214	76-77	-0.9682397161234988
1214	78-79	-1.0555327979498088
1214	80-81	-1.0774417536932646
1214	82-83	-1.2969964192518972
1214	84-85	-1.2967097889571733
1214	86-87	-1.4164919227042034
1214	88-89	-1.564907441959761
1214	90	-1.5554903351369944
1215	1	-0.7204418745945134
1215	2	-0.7759665006291385
1215	3	-0.6954516523019976
1215	4	-0.44957301165291597
1215	5	-0.6257434409196136
1215	6	-0.643147353855575
1215	7	-0.5742120088076064
1215	8	-0.6339654241525707
1215	9	-0.6125973406913943
1215	10-11	-0.5188691333319824
1215	12-13	-0.6219319998922543
1215	14-15	-0.655532484870335
1215	16-17	-0.5968450305805177
1215	18-19	-0.5684243204827197
1215	20-21	-0.7574182600689099
1215	22-23	-0.7266966729954802
1215	24-25	-0.5736373478294396
1215	26-27	-0.7582380654216081
1215	28-29	-0.7856407240210217
1215	30-31	-0.6838197815443294
1215	32-33	-0.7559076484243334
1215	34-35	-0.8338395326609955
1215	36-37	-0.6381380042999041
1215	38-39	-0.6369734788956194
1215	40-41	-0.7717594884550465
1215	42-43	-0.7300859397759396
1215	44-45	-0.7478978172400232
1215	46-47	-0.7556158826612602
1215	48-49	-0.7399497577446752
1215	50-51	-1.011561173868344
1215	52-53	-0.9733102768949493
1215	54-55	-0.9565598363210128
1215	56-57	-0.8429461763215116
1215	58-59	-0.7639855969025788
1215	60-61	-0.8995776886989191
1215	62-63	-0.7882347925343467
1215	64-65	-0.7293355315367052
1215	66-67	-0.6240886643969787
1215	68-69	-0.7344200591585732
1215	70-71	-0.9949358511352386
1215	72-73	-0.8609757253206354
1215	74-75	-1.0415973381632
1215	76-77	-1.0423038027890783
1215	78-79	-0.929838857208722
1215	80-81	-0.9869939191627424
1215	82-83	-1.0190519969054037
1215	84-85	-0.8716041087431563
1215	86-87	-0.995292510769751
1215	88-89	-1.0545975766532898
1215	90	-1.2947086135244135
1216	1	-1.186313914203076
1216	2	-0.9673654959433833
1216	3	-0.8001323652736687
1216	4	-0.7460188974187005
1216	5	-0.6707558624490986
1216	6	-0.7007019022403398
1216	7	-0.595930499454731
1216	8	-0.5098005609648055
1216	9	-0.6632175400936688
1216	10-11	-0.6460204260261904
1216	12-13	-0.6544483408363817
1216	14-15	-0.6991580366033148
1216	16-17	-0.696698559588576
1216	18-19	-0.6125388397487086
1216	20-21	-0.7074492864841204
1216	22-23	-0.66771085305394
1216	24-25	-0.724723930165645
1216	26-27	-0.6874967424026437
1216	28-29	-0.7499099149003499
1216	30-31	-0.9178494002592856
1216	32-33	-0.6510591954693723
1216	34-35	-0.5995073241722508
1216	36-37	-0.7550067263843516
1216	38-39	-0.6566209837359551
1216	40-41	-0.5870015712374723
1216	42-43	-0.6619232078726753
1216	44-45	-0.512201213919866
1216	46-47	-0.7413404426452956
1216	48-49	-0.720483148964739
1216	50-51	-1.075797364920895
1216	52-53	-0.8349669997599989
1216	54-55	-0.8536902766329888
1216	56-57	-0.7657742724398133
1216	58-59	-0.7575533715302143
1216	60-61	-0.7177935930805504
1216	62-63	-0.9155527288720933
1216	64-65	-0.8264756196385648
1216	66-67	-1.0738773997252054
1216	68-69	-0.8083868137516887
1216	70-71	-0.8624563472070506
1216	72-73	-0.8966018339942181
1216	74-75	-0.810856738728468
1216	76-77	-0.8710209975626029
1216	78-79	-0.7884959944901979
1216	80-81	-0.7724062415831057
1216	82-83	-0.8249488795729292
1216	84-85	-1.1094862653750326
1216	86-87	-0.975061753177048
1216	88-89	-1.148107135639659
1216	90	-1.1226457625586477
1301	1	-0.30689306170470587
1301	2	-0.3371229497949102
1301	3	-0.2537611801124484
1301	4	-0.29936685947778585
1301	5	-0.23302172078489036
1301	6	-0.10248313714860302
1301	7	-0.2663317110133008
1301	8	-0.1683768858725614
1301	9	-0.11726833740610942
1301	10-11	-0.1399966262146748
1301	12-13	-0.16362880398558843
1301	14-15	-9.95066971995584E-4
1301	16-17	0.10325713225169153
1301	18-19	0.010711691245901989
1301	20-21	-0.04304374257215926
1301	22-23	0.08396418293178698
1301	24-25	0.028286211479802148
1301	26-27	-0.08506049692137196
1301	28-29	0.03381234561287272
1301	30-31	-0.08371664457307304
1301	32-33	0.11335619470030878
1301	34-35	0.1448779645809708
1301	36-37	-0.16751803785899
1301	38-39	-0.2520089497335434
1301	40-41	-0.04635528163558433
1301	42-43	-0.12525761960566228
1301	44-45	0.15824571240668206
1301	46-47	0.17491947980370526
1301	48-49	-0.01226058603074165
1301	50-51	-0.046143718757889474
1301	52-53	-0.05987896952729699
1301	54-55	0.3328142549899127
1301	56-57	0.02539832308060852
1301	58-59	0.116619660038765
1301	60-61	0.19343067184941987
1301	62-63	0.18756454943472534
1301	64-65	0.1221995898288526
1301	66-67	0.11377234544426074
1301	68-69	-0.28096381383139146
1301	70-71	-0.15936321567512124
1301	72-73	-0.11002533091609479
1301	74-75	-0.23837890453007304
1301	76-77	0.07102205402709671
1301	78-79	-0.040405465183518174
1301	80-81	0.02673596182182081
1301	82-83	-0.09904525099252481
1301	84-85	-0.21177833351113406
1301	86-87	-0.1131109750882544
1301	88-89	0.07820558150549317
1301	90	-0.2623172726463743
>>END_MODULE
>>Per sequence quality scores	pass
#Quality	Count
10	2.0
11	21.0
12	84.0
13	155.0
14	220.0
15	316.0
16	433.0
17	539.0
18	664.0
19	824.0
20	1051.0
21	1234.0
22	1471.0
23	1588.0
24	1821.0
25	1984.0
26	2467.0
27	2926.0
28	3494.0
29	4181.0
30	5099.0
31	6338.0
32	8131.0
33	11066.0
34	15275.0
35	22880.0
36	40005.0
37	78093.0
38	127414.0
39	100322.0
40	3805.0
41	0.0
42	0.0
43	0.0
44	0.0
45	0.0
46	0.0
47	0.0
48	0.0
49	93.0
>>END_MODULE
>>Per base sequence content	pass
#Base	G	A	T	C
1	19.76628419805477	26.812671468922737	26.092333058532564	27.32871127448993
2	23.607504127540434	28.483520245782927	26.373688253008652	21.53528737366798
3	22.083131566796922	26.149618802013535	28.245588351220167	23.52166127996937
4	22.165636944755402	26.103506760576707	27.324982938074783	24.405873356593112
5	22.495613452229986	26.189998896324308	28.599615740667744	22.714771910777955
6	22.760565410499193	25.83987243128317	27.58921251542807	23.810349642789575
7	22.495799492785938	26.15891205737014	28.30263472028901	23.042653729554903
8	21.464382562005063	26.004964008684762	29.000936945377887	23.529716483932287
9	21.705600951359923	25.533788592690026	29.167154659050983	23.59345579689907
10-11	22.223961477130423	25.823318228092145	28.274466436634565	23.678253858142867
12-13	22.086347624753376	26.00203605437887	28.18009621708304	23.73152010378472
14-15	22.20008738817467	26.158231155235633	28.181672807863134	23.460008648726564
16-17	22.131505689240445	26.124447067090696	28.15644735538158	23.58759988828728
18-19	22.13398318903774	26.110145136442668	28.159037468806027	23.596834205713566
20-21	22.298198968232786	26.139116274827114	27.95816624267588	23.60451851426422
22-23	22.267130792802064	26.102928341612454	27.996333238360904	23.633607627224578
24-25	22.221896892866916	26.16259886102193	27.830187085650838	23.78531716046032
26-27	22.457409526211947	26.200573879043954	27.764777160154598	23.5772394345895
28-29	22.39513419039811	26.314201028838095	27.588424220038014	23.702240560725773
30-31	22.332858854584277	26.221069559185217	27.667141145415723	23.778930440814783
32-33	22.272272723177686	26.282331372354705	27.648447283308858	23.79694862115875
34-35	22.22756511319922	26.441003973008765	27.495517977639437	23.835912936152578
36-37	22.311687492680115	26.33661114064091	27.658920350633792	23.69278101604519
38-39	22.207857728448005	26.41104874818692	27.683807962233892	23.69728556113118
40-41	22.33680033153452	26.35631852539212	27.600473878143045	23.706407264930316
42-43	22.187249434679593	26.364989774682655	27.672096145010315	23.775664645627437
44-45	22.13871296137803	26.40947215740682	27.77254750042793	23.679267380787213
46-47	22.32475067342949	26.47715294732385	27.607343309399184	23.590753069847477
48-49	22.188713411832538	26.528504761304156	27.738650798655843	23.54413102820746
50-51	22.169681708844223	26.59539725583113	27.74090307119884	23.494017964125803
52-53	22.174861935693112	26.666569068189805	27.847998630618292	23.31057036549879
54-55	22.154478869179002	26.71701997315291	27.75711943350841	23.371381724159676
56-57	22.071370012342452	26.71893440481446	27.945634645357163	23.264060937485922
58-59	21.998396381949387	26.783912467679887	27.902841467040247	23.31484968333048
60-61	22.039049901350463	26.784475535815638	27.87389976486275	23.302574797971154
62-63	22.086347624753376	26.628956116721774	27.997324300218924	23.28737195830593
64-65	22.030603879314228	26.77861962720385	28.028743502193716	23.16203299128821
66-67	21.90943161650105	26.807899170262793	28.01894611663168	23.263723096604476
68-69	22.099785356976348	26.745917165360716	27.97724288445989	23.177054593203046
70-71	22.125987621510106	26.850016666816817	27.968269984414274	23.055725727258807
72-73	22.07131571330917	26.816424484243225	28.00261721437846	23.10964258806915
74-75	22.050423877692594	26.884251209470357	28.076604293732377	22.988720619104676
76-77	22.039725583113363	26.95925188515212	28.00047748177911	23.000545049955402
78-79	22.135909647325917	26.950845001109254	27.94545415642346	22.96779119514137
80-81	22.11686591771097	26.900692799034225	27.978517824484904	23.003923458769897
82-83	22.105942395877438	26.965670861899653	28.02559032063352	22.902796421589382
84-85	22.060809174867764	26.88225443726344	28.05681589115205	23.000120496716747
86-87	22.028263799970947	26.95916963122374	27.99724321530286	23.015323353502456
88-89	22.23184443103091	26.86668348363499	28.023675888971972	22.87779619636213
90	22.080379102514435	26.901143253542827	28.05363111379382	22.964846530148918
>>END_MODULE
>>Per sequence GC content	pass
#GC Content	Count
0	5.0
1	6.5
2	7.0
3	8.0
4	11.0
5	17.5
6	20.5
7	21.5
8	22.5
9	37.0
10	54.0
11	59.5
12	67.0
13	81.5
14	106.0
15	149.5
16	225.0
17	325.5
18	464.5
19	636.0
20	725.0
21	915.5
22	1289.5
23	1697.5
24	2187.5
25	2850.5
26	3609.0
27	4460.0
28	5441.5
29	6442.0
30	6951.0
31	7540.5
32	8685.5
33	10104.0
34	11700.5
35	13085.5
36	14124.0
37	15106.0
38	15756.0
39	15930.0
40	16049.0
41	16060.0
42	16060.5
43	16028.5
44	16000.0
45	15969.5
46	15946.0
47	15896.0
48	15633.0
49	15222.5
50	15025.0
51	14813.5
52	14269.5
53	13779.5
54	13485.0
55	13278.0
56	12941.0
57	12373.0
58	11577.5
59	10427.0
60	9771.0
61	9058.5
62	7612.5
63	6176.5
64	4862.0
65	3736.5
66	2781.0
67	2013.5
68	1432.0
69	1014.0
70	852.0
71	723.0
72	507.0
73	332.5
74	234.0
75	174.0
76	112.0
77	82.5
78	63.5
79	46.5
80	32.0
81	30.5
82	20.0
83	9.5
84	9.0
85	6.0
86	1.0
87	1.0
88	2.0
89	1.0
90	0.0
91	0.0
92	0.0
93	0.0
94	0.5
95	0.5
96	0.0
97	0.0
98	0.0
99	0.0
100	0.0
>>END_MODULE
>>Per base N content	pass
#Base	N-Count
1	0.008558635663384355
2	0.0060811358660888834
3	2.252272542995883E-4
4	0.005630681357489707
5	0.005630681357489707
6	0.0
7	4.504545085991766E-4
8	0.0
9	0.0
10-11	0.0
12-13	0.0
14-15	0.0
16-17	0.0
18-19	0.0
20-21	1.1261362714979415E-4
22-23	0.0016892044072469121
24-25	3.378408814493824E-4
26-27	0.0
28-29	0.0
30-31	0.0
32-33	0.0
34-35	0.0
36-37	0.0
38-39	0.0
40-41	0.0
42-43	0.0
44-45	0.0
46-47	0.0
48-49	0.0
50-51	0.0
52-53	0.0
54-55	0.0
56-57	0.0
58-59	0.0
60-61	0.0
62-63	0.0
64-65	0.0
66-67	0.0
68-69	6.756817628987648E-4
70-71	0.0
72-73	0.0028153406787448537
74-75	0.0
76-77	0.0
78-79	5.630681357489707E-4
80-81	0.0
82-83	0.0
84-85	1.1261362714979415E-4
86-87	1.1261362714979415E-4
88-89	0.0
90	0.0
>>END_MODULE
>>Sequence Length Distribution	pass
#Length	Count
90	443996.0
>>END_MODULE
>>Sequence Duplication Levels	pass
#Total Deduplicated Percentage	95.0588959460392
#Duplication Level	Percentage of total
1	91.0658811195304
2	6.893826688266571
3	1.1223651992156596
4	0.3907967380289196
5	0.16433266128517457
6	0.05653446801487298
7	0.0772320602741178
8	0.041226522319528815
9	0.0381715002231508
>10	0.14963304284156456
>50	0.0
>100	0.0
>500	0.0
>1k	0.0
>5k	0.0
>10k+	0.0
>>END_MODULE
>>Overrepresented sequences	pass
>>END_MODULE
>>Adapter Content	pass
#Position	Illumina Universal Adapter	Illumina Small RNA 3' Adapter	Illumina Small RNA 5' Adapter	Nextera Transposase Sequence	PolyA	PolyG
1	0.0	0.0	0.0	0.0	0.052703177506103656	0.0
2	0.0	0.0	0.0	0.0	0.06486544923828143	0.0
3	0.0	0.0	0.0	0.0	0.07162226686726908	0.0
4	0.0	0.0	0.0	0.0	0.08040612978495301	4.504545085991766E-4
5	0.0	0.0	0.0	0.0	0.08873953819403778	4.504545085991766E-4
6	0.0	0.0	0.0	0.0	0.09864953738321967	4.504545085991766E-4
7	0.0	0.0	0.0	0.0	0.10923521833530032	4.504545085991766E-4
8	0.0	0.0	0.0	0.0	0.1193704447787818	4.504545085991766E-4
9	0.0	0.0	0.0	0.0	0.12657771691636863	4.504545085991766E-4
10-11	0.0	0.0	0.0	0.0	0.14110487481869205	6.756817628987648E-4
12-13	0.0	0.0	0.0	0.0	0.16655555455454552	6.756817628987648E-4
14-15	0.0	0.0	0.0	0.0	0.19639816574924096	6.756817628987648E-4
16-17	0.0	0.0	0.0	0.0	0.22398850440094054	6.756817628987648E-4
18-19	0.0	0.0	0.0	0.0	0.2541689564770854	7.88295390048559E-4
20-21	0.0	0.0	0.0	0.0	0.2908809989279183	0.0010135226443481473
22-23	0.0	0.0	0.0	0.0	0.32590383697150427	0.0011261362714979413
24-25	0.0	0.0	0.0	0.0	0.3607014477607906	0.0012387498986477356
26-27	0.0	0.0	0.0	0.0	0.40011621726321855	0.0013513635257975296
28-29	0.0	0.0	0.0	2.252272542995883E-4	0.44696348615753295	0.0014639771529473238
30-31	0.0	0.0	0.0	2.252272542995883E-4	0.4951621185776448	0.001576590780097118
32-33	0.0	0.0	0.0	2.252272542995883E-4	0.5455004099136028	0.0019144316615465006
34-35	0.0	0.0	0.0	2.252272542995883E-4	0.6024829052513987	0.0020270452886962946
36-37	0.0	0.0	0.0	2.252272542995883E-4	0.6546230146217533	0.002364886170145677
38-39	0.0	2.252272542995883E-4	0.0	2.252272542995883E-4	0.6998936927359707	0.003153181560194236
40-41	0.0	2.252272542995883E-4	0.0	2.252272542995883E-4	0.7460652798673861	0.0033784088144938242
42-43	0.0	2.252272542995883E-4	0.0	2.252272542995883E-4	0.8029351615780322	0.004166704204542383
44-45	0.0	2.252272542995883E-4	0.0	2.252272542995883E-4	0.8580032252542815	0.004504545085991765
46-47	0.0	2.252272542995883E-4	0.0	4.504545085991766E-4	0.9057514031657943	0.004504545085991765
48-49	0.0	2.252272542995883E-4	0.0	4.504545085991766E-4	0.950233785889963	0.004842385967441148
50-51	0.0	4.504545085991766E-4	0.0	4.504545085991766E-4	1.0030495770232164	0.005405454103190118
52-53	0.0	4.504545085991766E-4	0.0	4.504545085991766E-4	1.0670141172442995	0.006418976747538266
54-55	0.0	4.504545085991766E-4	0.0	4.504545085991766E-4	1.1250101352264434	0.0067568176289876485
56-57	0.0	4.504545085991766E-4	0.0	4.504545085991766E-4	1.1756862674438509	0.0073198857647366194
58-59	0.0	4.504545085991766E-4	0.0	4.504545085991766E-4	1.223209218101064	0.008333408409084767
60-61	0.0	4.504545085991766E-4	0.0	4.504545085991766E-4	1.2739979639456211	0.009121703799133326
62-63	0.0	6.756817628987648E-4	0.0	4.504545085991766E-4	1.3176920512797414	0.01002261281633168
64-65	0.0	6.756817628987648E-4	0.0	4.504545085991766E-4	1.3604852295966632	0.011824430850728384
66-67	0.0	6.756817628987648E-4	0.0	4.504545085991766E-4	1.4105982936783215	0.013626248885125092
68-69	0.0	6.756817628987648E-4	0.0	4.504545085991766E-4	1.461724880404328	0.016666816818169533
70-71	0.0	6.756817628987648E-4	0.0	4.504545085991766E-4	1.517018171334877	0.0192569302426148
72-73	0.0	6.756817628987648E-4	0.0	4.504545085991766E-4	1.5687078261966323	0.021621816412760474
74-75	0.0	6.756817628987648E-4	0.0	4.504545085991766E-4	1.6202848674312382	0.02466238434580492
76-77	0.0	6.756817628987648E-4	0.0	4.504545085991766E-4	1.6662312273083542	0.027252497770250184
78-79	0.0	6.756817628987648E-4	0.0	4.504545085991766E-4	1.7095874737610248	0.029392156686096273
>>END_MODULE
