##FastQC	0.12.1
>>Basic Statistics	pass
#Measure	Value
Filename	mom.chr22.1.fq
File type	Conventional base calls
Encoding	Illumina 1.5
Total Sequences	388450
Total Bases	34.9 Mbp
Sequences flagged as poor quality	0
Sequence length	90
%GC	44
>>END_MODULE
>>Per base sequence quality	pass
#Base	Mean	Median	Lower Quartile	Upper Quartile	10th Percentile	90th Percentile
1	31.7895224610632	31.0	31.0	34.0	30.0	34.0
2	32.063531986098596	31.0	31.0	34.0	30.0	34.0
3	32.14818123310594	33.0	31.0	34.0	30.0	34.0
4	35.80027545372635	37.0	35.0	37.0	35.0	37.0
5	35.658777191401725	37.0	35.0	37.0	33.0	37.0
6	35.629934354485776	37.0	35.0	37.0	33.0	37.0
7	35.5845745913245	37.0	35.0	37.0	33.0	37.0
8	35.56237096151371	37.0	35.0	37.0	33.0	37.0
9	37.13734071309049	39.0	37.0	39.0	33.0	39.0
10-11	37.078275196292964	39.0	37.0	39.0	33.0	39.0
12-13	37.005762646415235	39.0	37.0	39.0	33.0	39.0
14-15	38.19115458875016	40.0	37.0	41.0	33.0	41.0
16-17	38.11434933710902	40.0	37.0	41.0	33.0	41.0
18-19	38.03031406873471	40.0	37.0	41.0	33.0	41.0
20-21	37.94080834084181	40.0	37.0	41.0	33.0	41.0
22-23	37.813525550263876	39.5	37.0	41.0	32.0	41.0
24-25	37.6806525936414	39.0	37.0	41.0	32.0	41.0
26-27	37.458240442785424	39.0	36.0	41.0	32.0	41.0
28-29	37.22141459647316	39.0	36.0	40.0	31.0	41.0
30-31	37.158237868451536	39.0	36.0	40.0	31.0	41.0
32-33	37.20533273265542	39.0	36.0	40.0	31.0	41.0
34-35	37.28889818509461	39.0	36.0	40.5	31.0	41.0
36-37	37.28779379585532	39.0	36.0	41.0	31.0	41.0
38-39	37.20748358862144	39.0	36.0	41.0	31.0	41.0
40-41	37.06247264770241	39.0	36.0	40.0	30.5	41.0
42-43	36.91776419101558	39.0	35.5	40.0	30.0	41.0
44-45	36.751009138885316	39.0	35.0	40.0	30.0	41.0
46-47	36.58554254086755	38.0	35.0	40.0	30.0	41.0
48-49	36.32358089844253	38.0	35.0	40.0	29.5	41.0
50-51	36.00754537263483	38.0	34.5	40.0	28.5	41.0
52-53	35.680391298751445	38.0	34.0	40.0	28.0	41.0
54-55	35.411696486034245	38.0	34.0	40.0	27.5	41.0
56-57	35.06604839747715	38.0	33.0	40.0	27.0	41.0
58-59	34.6264963315742	37.0	33.0	40.0	26.0	41.0
60-61	34.18930879135024	37.0	32.5	39.5	26.0	41.0
62-63	33.72906680396447	36.0	32.0	39.0	24.5	40.5
64-65	33.2948912343931	36.0	31.0	39.0	23.5	40.0
66-67	32.82665980177629	35.0	31.0	39.0	22.5	40.0
68-69	32.29190243274553	35.0	30.5	38.0	22.0	40.0
70-71	31.74509718110439	34.5	30.0	38.0	20.0	40.0
72-73	31.193700604968463	34.0	29.5	37.0	18.5	39.0
74-75	30.583279701377272	34.0	29.0	36.5	17.5	39.0
76-77	29.54765220749131	32.5	28.5	35.0	16.0	38.0
78-79	30.10949285622345	34.0	29.0	36.0	15.5	38.0
80-81	29.88894967177243	34.0	29.0	35.5	9.5	37.0
82-83	29.36960355258077	34.0	29.0	35.0	4.5	37.0
84-85	28.717465568284204	33.5	28.5	35.0	2.0	36.5
86-87	28.01031278156777	33.0	27.0	35.0	2.0	36.0
88-89	27.283410992405713	33.0	26.5	35.0	2.0	36.0
90	26.624211610245847	33.0	25.0	35.0	2.0	35.0
>>END_MODULE
>>Per tile sequence quality	fail
#Tile	Base	Mean
0	1	16.667547626913482
0	2	16.371204976100742
0	3	16.318593117274418
0	4	12.77241490259668
0	5	12.891415772563526
0	6	12.93056049186719
0	7	12.974828530968367
0	8	13.004493291751295
0	9	11.49465685741496
0	10-11	11.526814546829442
0	12-13	11.596450817728126
0	14-15	10.4758439286447
0	16-17	10.552969473790114
0	18-19	10.614495708999307
0	20-21	10.710658054106759
0	22-23	10.830372605819512
0	24-25	10.940130051763063
0	26-27	11.127634197891211
0	28-29	11.395273879794495
0	30-31	11.453469765260799
0	32-33	11.397807561955425
0	34-35	11.327050191969619
0	36-37	11.307051834847464
0	38-39	11.403121114295267
0	40-41	11.561930026231757
0	42-43	11.658715004539637
0	44-45	11.801900815876856
0	46-47	11.974090991460898
0	48-49	12.220606075592961
0	50-51	12.549085740906783
0	52-53	12.864870514543455
0	54-55	13.130168871888102
0	56-57	13.43800851917026
0	58-59	13.865952251697152
0	60-61	14.265280870597401
0	62-63	14.75057700292858
0	64-65	15.151504166226061
0	66-67	15.641004711997908
0	68-69	16.1384123888906
0	70-71	16.704159578849605
0	72-73	17.20867069582539
0	74-75	17.787041000600723
0	76-77	18.789728330783916
0	78-79	18.247206050691407
0	80-81	18.458228962246835
0	82-83	18.944220266041363
0	84-85	19.579412631360828
0	86-87	20.264126659159935
0	88-89	20.971139328756635
0	90	21.597382650180542
1101	1	-0.3587987504596306
1101	2	-0.3888686387772111
1101	3	-0.29202292302004196
1101	4	-0.2508319009678317
1101	5	-0.23072680783167243
1101	6	-0.21744415749352441
1101	7	-0.2489219533400444
1101	8	-0.08481317860903204
1101	9	-0.010864258431610097
1101	10-11	-0.00921799869554718
1101	12-13	-0.045306253174629774
1101	14-15	0.11435613321656746
1101	16-17	0.0024561068780641904
1101	18-19	-0.0431951085132809
1101	20-21	-0.02350506096492211
1101	22-23	-0.06966613885309414
1101	24-25	-0.10820392731481832
1101	26-27	-0.1261918385287828
1101	28-29	-0.16274626743526
1101	30-31	0.014734778821434702
1101	32-33	0.018061339561000977
1101	34-35	0.012879327963418064
1101	36-37	0.06097473294897071
1101	38-39	0.09495567454323606
1101	40-41	-0.08898047357451588
1101	42-43	-0.050118780814877084
1101	44-45	-0.07276016823782783
1101	46-47	-0.0849462034248063
1101	48-49	-0.13352023203973573
1101	50-51	-0.13117384839969048
1101	52-53	-0.1698543982810321
1101	54-55	-0.13939718777869103
1101	56-57	-0.1441301867576712
1101	58-59	-0.26752314543574585
1101	60-61	-0.36320614993727673
1101	62-63	-0.468766274870724
1101	64-65	-0.4452122227704507
1101	66-67	-0.3628213244220859
1101	68-69	-0.4788871074286547
1101	70-71	-0.594368123591309
1101	72-73	-0.6452618884442742
1101	74-75	-0.6815758145871875
1101	76-77	-0.7232027036988455
1101	78-79	-0.5982027056046029
1101	80-81	-0.5689891702599468
1101	82-83	-0.6142357587552283
1101	84-85	-0.7229411075000804
1101	86-87	-0.7638663667989967
1101	88-89	-0.7951334337385205
1101	90	-0.7096688802340267
1102	1	-0.14355427863747394
1102	2	-0.14495078197713696
1102	3	-0.02357755381091664
1102	4	-0.07099851911003441
1102	5	0.03143234257181149
1102	6	-0.008130477478296427
1102	7	0.0676205773643872
1102	8	-0.02119022109046398
1102	9	0.1773411987571336
1102	10-11	0.177187372015851
1102	12-13	0.19007136453839735
1102	14-15	0.371452876449176
1102	16-17	0.4987026966567214
1102	18-19	0.42642611496450655
1102	20-21	0.4289679132616868
1102	22-23	0.41736514931577773
1102	24-25	0.45172905756256654
1102	26-27	0.4064245872864092
1102	28-29	0.48226642329076697
1102	30-31	0.5093935432226857
1102	32-33	0.6165316713174818
1102	34-35	0.4629242599066572
1102	36-37	0.4955356790893859
1102	38-39	0.46028764287853363
1102	40-41	0.37510318281833577
1102	42-43	0.44951864994146007
1102	44-45	0.4576588937558981
1102	46-47	0.5465847777077926
1102	48-49	0.5988165146981785
1102	50-51	0.3999556663417465
1102	52-53	0.6552599097381488
1102	54-55	0.40730226045479867
1102	56-57	0.38498449265824775
1102	58-59	0.4140052757236674
1102	60-61	0.37298592444992806
1102	62-63	0.3470973011887253
1102	64-65	0.38431278263037427
1102	66-67	0.18450098374604806
1102	68-69	0.20096417016649326
1102	70-71	0.3806301670848953
1102	72-73	0.29359198828603894
1102	74-75	0.05630363523204096
1102	76-77	-0.14357738586894087
1102	78-79	0.0011414276590961947
1102	80-81	0.19145182885826983
1102	82-83	0.0067720473172556694
1102	84-85	-0.046933681812330263
1102	86-87	-0.35600590090634654
1102	88-89	-0.22728652045628905
1102	90	-0.15572422637289662
1103	1	-0.1404343007973594
1103	2	-0.14987936124865797
1103	3	-0.09330447308703071
1103	4	-0.2140308805358515
1103	5	-0.15753001056900473
1103	6	-0.2546804719882303
1103	7	-0.19610520397139197
1103	8	-0.0753259853571393
1103	9	0.09556047187279404
1103	10-11	-0.0872667784717649
1103	12-13	-0.09217870034416364
1103	14-15	0.05679272382542422
1103	16-17	0.07819537740456894
1103	18-19	0.17285414273424493
1103	20-21	0.0058387769983241355
1103	22-23	-0.09093763514434983
1103	24-25	0.03237402766667685
1103	26-27	0.08057094487916316
1103	28-29	-0.12995202381996052
1103	30-31	-0.013397704618718365
1103	32-33	-0.03818641394818911
1103	34-35	-0.03326607309062268
1103	36-37	0.12181087099204291
1103	38-39	0.11622352393381874
1103	40-41	0.04724629129199798
1103	42-43	-0.029161501484459507
1103	44-45	-0.08552388291833068
1103	46-47	-0.05151141817765392
1103	48-49	-0.19919814127450763
1103	50-51	-0.1760648615028586
1103	52-53	-0.14115358184209015
1103	54-55	-0.020057031726352648
1103	56-57	-0.30521437239600147
1103	58-59	-0.3546802784233307
1103	60-61	-0.5039209366315092
1103	62-63	-0.331501310324434
1103	64-65	-0.5619747494365868
1103	66-67	-0.6025946855924502
1103	68-69	-0.6582743580973514
1103	70-71	-0.7148916259696705
1103	72-73	-0.898633521042079
1103	74-75	-1.1192089993992766
1103	76-77	-1.0005578137943978
1103	78-79	-0.8232005758146173
1103	80-81	-1.0583373028134062
1103	82-83	-1.0305538303441786
1103	84-85	-0.9428012240608616
1103	86-87	-1.0144877986713894
1103	88-89	-1.0104118760626406
1103	90	-0.9937318076507822
1104	1	-0.30390186064142455
1104	2	-0.3205959023765672
1104	3	-0.31903499399937374
1104	4	-0.2876143799801838
1104	5	-0.3018492347571211
1104	6	-0.41717010842563695
1104	7	-0.24845111764071248
1104	8	-0.23928416066451774
1104	9	-0.08806642223365202
1104	10-11	-0.1261869172994068
1104	12-13	-0.1436663125793416
1104	14-15	0.065155788088326
1104	16-17	0.013071962809149795
1104	18-19	-0.05570926903876483
1104	20-21	-0.06020578191080972
1104	22-23	-0.0748250515743365
1104	24-25	-0.1638230961139513
1104	26-27	-0.2014287596490547
1104	28-29	-0.10655628125967809
1104	30-31	-0.14535893166453207
1104	32-33	-0.2797180602993379
1104	34-35	-0.225658446390554
1104	36-37	-0.16293352386410476
1104	38-39	-0.04307215071205661
1104	40-41	-0.05300408797028666
1104	42-43	-0.2073172062949169
1104	44-45	-0.1878502822197774
1104	46-47	-0.2737128152740951
1104	48-49	-0.205455417818456
1104	50-51	-0.4586009355207423
1104	52-53	-0.24310898765273947
1104	54-55	-0.3511634853593364
1104	56-57	-0.5381993871254949
1104	58-59	-0.49422344376404936
1104	60-61	-0.45287432705999464
1104	62-63	-0.39766604245942005
1104	64-65	-0.5706773857505141
1104	66-67	-0.5782485822919909
1104	68-69	-0.5482640386350255
1104	70-71	-0.42248756609915006
1104	72-73	-0.568049655565531
1104	74-75	-0.5094450901752623
1104	76-77	-0.6396274525250156
1104	78-79	-0.7926914602895607
1104	80-81	-0.8038501007107044
1104	82-83	-0.8284737310303782
1104	84-85	-0.9418172368675748
1104	86-87	-0.9931939850567559
1104	88-89	-1.1364741412287245
1104	90	-0.9597183747096487
1105	1	-0.34657666687182953
1105	2	-0.2742752498879568
1105	3	-0.318412532443098
1105	4	-0.2388845324315696
1105	5	-0.22299100709749098
1105	6	-0.18949600530795152
1105	7	-0.1600584746813496
1105	8	-0.1671168777402272
1105	9	-0.03994766235905445
1105	10-11	-0.10383517068468251
1105	12-13	-0.21675539696114043
1105	14-15	0.035165962543004525
1105	16-17	-0.045900582707062654
1105	18-19	-0.024628584786007934
1105	20-21	-0.0012063526729022556
1105	22-23	-0.03544660322003779
1105	24-25	-0.020321925638072003
1105	26-27	-0.01890535013139072
1105	28-29	-0.29328544223940156
1105	30-31	-0.12421385055841228
1105	32-33	-0.16751729680164118
1105	34-35	-0.20508257639196614
1105	36-37	-1.5155498304153525E-4
1105	38-39	-0.039322388529591024
1105	40-41	-0.05883268563265176
1105	42-43	-0.14460420449991318
1105	44-45	-0.2655426869480024
1105	46-47	-0.34935533622271464
1105	48-49	-0.29210578881382077
1105	50-51	-0.21009505005367402
1105	52-53	-0.26895716907236533
1105	54-55	-0.2946192637051155
1105	56-57	-0.4175705768749367
1105	58-59	-0.4889206296587787
1105	60-61	-0.5451004853347996
1105	62-63	-0.5841687597832816
1105	64-65	-0.4847952688021877
1105	66-67	-0.7777805987365554
1105	68-69	-0.859822074386237
1105	70-71	-0.6323517205854223
1105	72-73	-0.5162586827056828
1105	74-75	-0.599611541772159
1105	76-77	-0.6749609347528072
1105	78-79	-0.6775820849018146
1105	80-81	-0.7006693428379123
1105	82-83	-0.6578277565575092
1105	84-85	-0.619386803667421
1105	86-87	-0.7510569566592764
1105	88-89	-0.859016038475005
1105	90	-0.7401879712883854
1106	1	-0.37751675076892255
1106	2	-0.45068343591642446
1106	3	-0.4482166109087018
1106	4	-0.23259225047914356
1106	5	-0.32961427035493074
1106	6	-0.24039802029303559
1106	7	-0.29841896545509883
1106	8	-0.278053203241555
1106	9	-0.15126588936615804
1106	10-11	-0.17919403686154567
1106	12-13	-0.24725447554798308
1106	14-15	-0.12286851770723217
1106	16-17	-0.09903338744021539
1106	18-19	-0.1676931322024089
1106	20-21	-0.11802577994188113
1106	22-23	-0.22506373180566897
1106	24-25	-0.1507140111840073
1106	26-27	-0.14275206820320818
1106	28-29	-0.2592325579737462
1106	30-31	-0.1827963291598067
1106	32-33	-0.13867312473986004
1106	34-35	-0.13396554479719214
1106	36-37	-0.036653458428645536
1106	38-39	-0.1923724479364921
1106	40-41	-0.14586682641488125
1106	42-43	-0.19750817142602983
1106	44-45	-0.3940934616624858
1106	46-47	-0.23334820739461293
1106	48-49	-0.246132121831927
1106	50-51	-0.5653634722548802
1106	52-53	-0.41088055841791515
1106	54-55	-0.47247776616626425
1106	56-57	-0.4318055008583528
1106	58-59	-0.34363286990513586
1106	60-61	-0.34129995915939304
1106	62-63	-0.3467048282588294
1106	64-65	-0.3803270211845273
1106	66-67	-0.4072785498046727
1106	68-69	-0.7707435481623293
1106	70-71	-1.0683726099915987
1106	72-73	-0.7434036961631634
1106	74-75	-0.8138173684979897
1106	76-77	-0.8075535004034933
1106	78-79	-0.8611630480210408
1106	80-81	-0.8092960735185457
1106	82-83	-0.6337482604250155
1106	84-85	-0.7163670539038343
1106	86-87	-0.7462453007828387
1106	88-89	-1.129361386550947
1106	90	-1.3174957475304723
1107	1	-0.5971374403193543
1107	2	-0.6026096028093804
1107	3	-0.6311591827963525
1107	4	-0.40946761686545585
1107	5	-0.40794728476131326
1107	6	-0.3206780077789517
1107	7	-0.3846902234548466
1107	8	-0.4965682793739674
1107	9	-0.38503174838829324
1107	10-11	-0.30121093087756634
1107	12-13	-0.3433934851735003
1107	14-15	-0.17560688522649315
1107	16-17	-0.19897673993953902
1107	18-19	-0.25740804188533417
1107	20-21	-0.22069367979274546
1107	22-23	-0.24818365745012727
1107	24-25	-0.2835075986261799
1107	26-27	-0.3327338134322133
1107	28-29	-0.23069922707033186
1107	30-31	-0.3278465829345336
1107	32-33	-0.21825754774025796
1107	34-35	-0.2745067790141036
1107	36-37	-0.464356516178718
1107	38-39	-0.36297938110459427
1107	40-41	-0.34854414220419727
1107	42-43	-0.2506975927710471
1107	44-45	-0.40864412396744854
1107	46-47	-0.5000774444909837
1107	48-49	-0.43933730728036124
1107	50-51	-0.31291001280871455
1107	52-53	-0.1963467536801815
1107	54-55	-0.3818622675315737
1107	56-57	-0.42787966200454974
1107	58-59	-0.42456437958381343
1107	60-61	-0.7195032766071279
1107	62-63	-0.7140372928959096
1107	64-65	-0.5466557771568148
1107	66-67	-0.44179783577278897
1107	68-69	-0.5041919989367187
1107	70-71	-0.4947080786167781
1107	72-73	-0.6342167776353307
1107	74-75	-0.5823857509916337
1107	76-77	-0.5237890082111321
1107	78-79	-0.4566156053595485
1107	80-81	-0.32733367044955486
1107	82-83	-0.46342304606054796
1107	84-85	-0.6548407302810695
1107	86-87	-0.4563262778535133
1107	88-89	-0.2645294610522839
1107	90	-0.2695671021195274
1108	1	-0.545997639154244
1108	2	-0.6592027640512974
1108	3	-0.6420150375286227
1108	4	-0.47292027362999534
1108	5	-0.4492891341399954
1108	6	-0.49722112527171447
1108	7	-0.4971825263916898
1108	8	-0.4212150703772437
1108	9	-0.4846105924813813
1108	10-11	-0.49460908827767724
1108	12-13	-0.4692022576001378
1108	14-15	-0.4242942883559877
1108	16-17	-0.45186812123407094
1108	18-19	-0.49780560406220076
1108	20-21	-0.559210639742588
1108	22-23	-0.5203530334341124
1108	24-25	-0.4610447927428112
1108	26-27	-0.3716747171053356
1108	28-29	-0.4817129895904415
1108	30-31	-0.5396193847046433
1108	32-33	-0.5313562251903932
1108	34-35	-0.4981053021561621
1108	36-37	-0.5336530718560581
1108	38-39	-0.3121518642810983
1108	40-41	-0.33820819076893116
1108	42-43	-0.36754622559166705
1108	44-45	-0.6096403036808553
1108	46-47	-0.3534833001769755
1108	48-49	-0.5661942008410392
1108	50-51	-0.4443489515603929
1108	52-53	-0.3065185663134855
1108	54-55	-0.16907093460809364
1108	56-57	-0.23718152920569224
1108	58-59	-0.41497380220747715
1108	60-61	-0.7164053768110321
1108	62-63	-0.4163200254059092
1108	64-65	-0.21615305561222442
1108	66-67	-0.23874649740084664
1108	68-69	-0.0820437272116834
1108	70-71	0.09116718078464459
1108	72-73	-0.005565655245789003
1108	74-75	-0.33597213001434056
1108	76-77	-0.3166987597482205
1108	78-79	0.05024682470660835
1108	80-81	0.07018473280661652
1108	82-83	0.03820782651130017
1108	84-85	0.028272341105125776
1108	86-87	0.3052462168655339
1108	88-89	-0.053739731367763
1108	90	-0.2865150692389484
1109	1	-0.4218889928048277
1109	2	-0.453442911223199
1109	3	-0.42295617850022893
1109	4	-0.3536414354314914
1109	5	-0.25435887532379553
1109	6	-0.3285944377102723
1109	7	-0.28432639860909603
1109	8	-0.2842391026149045
1109	9	-0.33210370596532357
1109	10-11	-0.38374883345224475
1109	12-13	-0.403549182271874
1109	14-15	-0.2202828319186807
1109	16-17	-0.21463616001270225
1109	18-19	-0.16825076987392862
1109	20-21	-0.0675109599777457
1109	22-23	-0.07350063361710824
1109	24-25	-0.28698262429327315
1109	26-27	-0.31356298520738335
1109	28-29	-0.12866978217733305
1109	30-31	-0.1236429107955388
1109	32-33	-0.15324877607275056
1109	34-35	-0.1810483995796801
1109	36-37	-0.14506084120887408
1109	38-39	-0.13737184345121278
1109	40-41	-0.03806997376823773
1109	42-43	-0.2194540095448687
1109	44-45	-0.24000059257384976
1109	46-47	-0.040345628257412613
1109	48-49	-0.22023899482957887
1109	50-51	-0.29316778021998147
1109	52-53	-0.22738300658330957
1109	54-55	-0.05504239571753544
1109	56-57	-0.11727317097058432
1109	58-59	-0.05482239619017548
1109	60-61	0.08570340580866542
1109	62-63	0.05268967898491894
1109	64-65	-0.09708738306971298
1109	66-67	-0.004065710537304312
1109	68-69	-0.2048974702643278
1109	70-71	0.18549760701861828
1109	72-73	-0.08816029009010151
1109	74-75	-0.14887449235702377
1109	76-77	-0.26273645794847766
1109	78-79	-0.15807563944943936
1109	80-81	-0.0491654039503473
1109	82-83	-0.06986424100089295
1109	84-85	0.13645488488195312
1109	86-87	-0.006295876051332527
1109	88-89	-0.06019869941237843
1109	90	-0.0603638286926973
1110	1	-0.582803004222562
1110	2	-0.6161723030016404
1110	3	-0.6309159991351194
1110	4	-0.4905584494369819
1110	5	-0.5763261629203456
1110	6	-0.600295048104762
1110	7	-0.5202626331270039
1110	8	-0.39803125242822546
1110	9	-0.359480589990369
1110	10-11	-0.39639723437673524
1110	12-13	-0.47718172084130117
1110	14-15	-0.5052219900088701
1110	16-17	-0.5290782120443893
1110	18-19	-0.4738633372840084
1110	20-21	-0.46570940732381416
1110	22-23	-0.38281112489577396
1110	24-25	-0.4799260492187045
1110	26-27	-0.4691399956571729
1110	28-29	-0.42625487195866185
1110	30-31	-0.29337455451479855
1110	32-33	-0.6628516245803411
1110	34-35	-0.6193032442155157
1110	36-37	-0.746594728967402
1110	38-39	-0.5772435420862223
1110	40-41	-0.4373687114961555
1110	42-43	-0.5004715312247399
1110	44-45	-0.42495752914418006
1110	46-47	-0.37759203799211605
1110	48-49	-0.6538679777029728
1110	50-51	-0.6588385227678302
1110	52-53	-0.595858798219524
1110	54-55	-0.4350485194162417
1110	56-57	-0.7061008777441842
1110	58-59	-0.6382553219353895
1110	60-61	-0.48682291621886975
1110	62-63	-0.550965774070022
1110	64-65	-0.6135729726238708
1110	66-67	-0.5693739696290194
1110	68-69	-0.38823557744881043
1110	70-71	-0.6713663678544606
1110	72-73	-0.6331946618183686
1110	74-75	-0.5415003738733333
1110	76-77	-0.6832730717406292
1110	78-79	-0.6879271891402894
1110	80-81	-0.6231174613155765
1110	82-83	-0.6704361154453125
1110	84-85	-0.7719197669561417
1110	86-87	-0.5349616998863489
1110	88-89	-0.47170779606804913
1110	90	-0.4089287102682668
1111	1	-0.7878841279611706
1111	2	-0.7813019876875593
1111	3	-0.6904598075166675
1111	4	-0.6175572422501148
1111	5	-0.49368172047268644
1111	6	-0.6592723772135898
1111	7	-0.6923023882516901
1111	8	-0.7169551762152793
1111	9	-0.6118891035878278
1111	10-11	-0.65911860080287
1111	12-13	-0.6100255053916541
1111	14-15	-0.6707438150878957
1111	16-17	-0.5730750944550138
1111	18-19	-0.631674207435232
1111	20-21	-0.5981859570352981
1111	22-23	-0.5146831044868918
1111	24-25	-0.5939925109110291
1111	26-27	-0.5203463035015403
1111	28-29	-0.464057596528626
1111	30-31	-0.5270316274968607
1111	32-33	-0.5217606831699229
1111	34-35	-0.5103453512058707
1111	36-37	-0.697822816963118
1111	38-39	-0.6491072979610024
1111	40-41	-0.4913429542696335
1111	42-43	-0.5341819313935119
1111	44-45	-0.4881409668529457
1111	46-47	-0.6247948024109675
1111	48-49	-0.669366069253833
1111	50-51	-0.7402596629929405
1111	52-53	-0.5355473127545949
1111	54-55	-0.47533252086955713
1111	56-57	-0.602729642389626
1111	58-59	-0.7611368847931033
1111	60-61	-0.48193361408225854
1111	62-63	-0.4315260611382712
1111	64-65	-0.38401115410819386
1111	66-67	-0.6709730038795314
1111	68-69	-0.5799023743405982
1111	70-71	-0.6158264935737918
1111	72-73	-0.717513148185752
1111	74-75	-0.5479172166694717
1111	76-77	-0.5459262653163606
1111	78-79	-0.5668608016762811
1111	80-81	-0.6305593385888209
1111	82-83	-0.04951232448788545
1111	84-85	-0.08145087838847687
1111	86-87	-0.2191602489180582
1111	88-89	-0.2677186099620279
1111	90	-0.08785411862168502
1112	1	-0.7393151181845568
1112	2	-0.7912600098936551
1112	3	-0.8004545017732028
1112	4	-0.5777251534257317
1112	5	-0.5798727428426389
1112	6	-0.5701397882448518
1112	7	-0.6092050824770112
1112	8	-0.5718372404615906
1112	9	-0.5662675123329421
1112	10-11	-0.5852302710977284
1112	12-13	-0.5600617873138916
1112	14-15	-0.6291980881620205
1112	16-17	-0.8006719827925224
1112	18-19	-0.6260505094880884
1112	20-21	-0.6412327021957651
1112	22-23	-0.5859439207911308
1112	24-25	-0.633399360001647
1112	26-27	-0.7424638413244793
1112	28-29	-0.680006232250328
1112	30-31	-0.8949195904814999
1112	32-33	-0.942878712554382
1112	34-35	-0.745428799627021
1112	36-37	-0.7682282771973519
1112	38-39	-0.7505903702985748
1112	40-41	-0.8851988253088621
1112	42-43	-0.6700665080654105
1112	44-45	-0.9848638900054922
1112	46-47	-0.9180658712841989
1112	48-49	-0.9583154930344904
1112	50-51	-1.0342475924265457
1112	52-53	-0.8938829868571077
1112	54-55	-0.7049151617253386
1112	56-57	-0.5329298561798836
1112	58-59	-0.6477032104877196
1112	60-61	-0.7175622666575023
1112	62-63	-0.7543249578557294
1112	64-65	-0.857599475230522
1112	66-67	-0.8022725989264643
1112	68-69	-0.9193607203530973
1112	70-71	-0.7513726340355475
1112	72-73	-0.9016234218216681
1112	74-75	-0.9139393915561413
1112	76-77	-1.096826291064822
1112	78-79	-1.0784242014094332
1112	80-81	-1.0851884046999416
1112	82-83	-1.1489169888605986
1112	84-85	-1.102660197770824
1112	86-87	-1.1161254416804027
1112	88-89	-1.0568718757251574
1112	90	-1.0713848568222595
1113	1	-0.8799184687324839
1113	2	-0.7608435606587172
1113	3	-0.7913283673793998
1113	4	-0.5951796727066778
1113	5	-0.7588340489925045
1113	6	-0.6090540691606492
1113	7	-0.6839866010801714
1113	8	-0.7571055662073078
1113	9	-0.6045579891232293
1113	10-11	-0.7376394146266634
1113	12-13	-0.6597947211726591
1113	14-15	-0.6504944011197509
1113	16-17	-0.5680155369165263
1113	18-19	-0.6303294159114685
1113	20-21	-0.832882274230144
1113	22-23	-0.7570649387914798
1113	24-25	-0.68085495894357
1113	26-27	-0.7089111268768136
1113	28-29	-0.6289944999342723
1113	30-31	-0.7720834110418409
1113	32-33	-0.7260325522487179
1113	34-35	-0.6376179022487989
1113	36-37	-0.784311477072599
1113	38-39	-0.5833171440916018
1113	40-41	-0.4848222935398354
1113	42-43	-0.6321486642683567
1113	44-45	-0.5995981134593293
1113	46-47	-0.6493922348060579
1113	48-49	-0.581321119267848
1113	50-51	-0.6400648658027066
1113	52-53	-0.5080773798177205
1113	54-55	-0.7349274878549394
1113	56-57	-0.7846895536348768
1113	58-59	-0.7068528874891484
1113	60-61	-0.6390731622362935
1113	62-63	-0.7715500491770584
1113	64-65	-0.8302945489773634
1113	66-67	-0.8150980717280021
1113	68-69	-0.7620158766340239
1113	70-71	-0.8329567666179187
1113	72-73	-0.544362851640706
1113	74-75	-0.4749147452950666
1113	76-77	-0.46508965636811794
1113	78-79	-0.45622007350559457
1113	80-81	-0.886524785076503
1113	82-83	-0.8080995055503593
1113	84-85	-0.6589885106805689
1113	86-87	-0.5474365100049496
1113	88-89	-0.6402097076459334
1113	90	-0.3847729529600734
1114	1	-0.952170682945674
1114	2	-1.0062598126316509
1114	3	-0.9335195587819207
1114	4	-0.7409653790934598
1114	5	-0.8550631006759133
1114	6	-0.7778902123581588
1114	7	-0.8110869619893819
1114	8	-0.7384644547275769
1114	9	-0.7602727200498265
1114	10-11	-0.7260023545790091
1114	12-13	-0.75390129494793
1114	14-15	-0.8558462122003689
1114	16-17	-0.9181572867732655
1114	18-19	-0.9362085163528064
1114	20-21	-0.8738489881467615
1114	22-23	-1.0798386617861198
1114	24-25	-0.8757150186594771
1114	26-27	-0.7089855204186506
1114	28-29	-0.9050782328815572
1114	30-31	-1.1669527699504698
1114	32-33	-1.0398684943826026
1114	34-35	-0.9412596671853066
1114	36-37	-0.8309763341666212
1114	38-39	-0.7651887448596639
1114	40-41	-0.6525065934865566
1114	42-43	-0.7067779532068457
1114	44-45	-0.8660569306020207
1114	46-47	-0.986824501496848
1114	48-49	-0.6607319525760502
1114	50-51	-0.6607734140227919
1114	52-53	-0.7664675136255568
1114	54-55	-0.831098733745705
1114	56-57	-0.7250196498438228
1114	58-59	-0.8424984525282042
1114	60-61	-0.8977472984166823
1114	62-63	-0.7078737012967764
1114	64-65	-0.8361718901119701
1114	66-67	-0.8058262739175888
1114	68-69	-0.658418597024891
1114	70-71	-0.5620376042489852
1114	72-73	-0.7202025436112294
1114	74-75	-0.613663224751388
1114	76-77	-0.6835111058358017
1114	78-79	-0.5623009915621147
1114	80-81	-0.5213485025418976
1114	82-83	-0.5909910015642694
1114	84-85	-0.673404270047623
1114	86-87	-0.794676157741474
1114	88-89	-0.7521001078630825
1114	90	-0.793462420241994
1115	1	-0.9771515134876658
1115	2	-0.8773623591428112
1115	3	-1.0768223555049516
1115	4	-0.741195412589569
1115	5	-0.7497017059464994
1115	6	-0.7134223161557358
1115	7	-0.7601284890889417
1115	8	-0.7555353615438349
1115	9	-0.9222485867111132
1115	10-11	-0.9853631036003634
1115	12-13	-0.94831995591084
1115	14-15	-0.7766632346790843
1115	16-17	-1.0093514431153352
1115	18-19	-0.9478252079061349
1115	20-21	-0.8283820605064207
1115	22-23	-0.8286531821461054
1115	24-25	-0.9101564811882241
1115	26-27	-0.974801332194744
1115	28-29	-0.9503564926983401
1115	30-31	-0.9412293751403453
1115	32-33	-1.0860749595345496
1115	34-35	-0.7535372005805243
1115	36-37	-0.7706702281897861
1115	38-39	-0.8980966507477106
1115	40-41	-0.9398608047138026
1115	42-43	-0.9605543364345763
1115	44-45	-0.918013224237761
1115	46-47	-0.9621554268772101
1115	48-49	-1.09493833701449
1115	50-51	-1.2961864653969428
1115	52-53	-1.0942985398978067
1115	54-55	-0.8683984633554473
1115	56-57	-1.0605588160732893
1115	58-59	-0.9442196680736217
1115	60-61	-0.9836446308352649
1115	62-63	-1.1738499311688457
1115	64-65	-1.1002866647194978
1115	66-67	-1.0384365487470788
1115	68-69	-0.927132023716851
1115	70-71	-0.7596656360501086
1115	72-73	-0.9141803070399419
1115	74-75	-0.7745635839265006
1115	76-77	-0.7450137895599234
1115	78-79	-0.7939830610564442
1115	80-81	-0.7473584303033078
1115	82-83	-0.7441751494314168
1115	84-85	-0.9456590018769937
1115	86-87	-0.5693260629031016
1115	88-89	-0.659949496458264
1115	90	-0.8768293842034112
1116	1	-1.07750887026166
1116	2	-1.0299249674020814
1116	3	-1.002028351652136
1116	4	-0.8335173007931544
1116	5	-1.0132452443856295
1116	6	-0.8363886606751834
1116	7	-0.7907081921954742
1116	8	-0.9418343918645249
1116	9	-0.9304843855228953
1116	10-11	-1.035685453170558
1116	12-13	-1.0472638715374103
1116	14-15	-1.243435732372248
1116	16-17	-1.4576237465488688
1116	18-19	-1.136563613034589
1116	20-21	-0.9853165221644247
1116	22-23	-0.9584692020900931
1116	24-25	-0.9662965019092553
1116	26-27	-0.9797104348771484
1116	28-29	-0.8628475891320591
1116	30-31	-0.9932110256996509
1116	32-33	-1.1117263363496548
1116	34-35	-1.0910289040755785
1116	36-37	-1.1699961877514085
1116	38-39	-1.1304240834448436
1116	40-41	-1.0538891828077865
1116	42-43	-0.8642369728614909
1116	44-45	-0.8584099185864247
1116	46-47	-0.9782395170136766
1116	48-49	-0.9188713255369834
1116	50-51	-0.7828351630480199
1116	52-53	-1.089578637998919
1116	54-55	-1.0725147439311087
1116	56-57	-1.0655225542760647
1116	58-59	-0.9518443584723428
1116	60-61	-0.9303405983291526
1116	62-63	-0.9160896637380844
1116	64-65	-0.9473658902711151
1116	66-67	-0.9596308812224308
1116	68-69	-0.8721808314483823
1116	70-71	-1.0310099126758203
1116	72-73	-0.7563716770559665
1116	74-75	-0.720727360981197
1116	76-77	-0.8885908782556307
1116	78-79	-0.8777939493085931
1116	80-81	-0.7006693428379123
1116	82-83	-0.7722345362185266
1116	84-85	-0.47673143643578086
1116	86-87	-0.4018337928174667
1116	88-89	-0.3477166034467558
1116	90	-0.2536060503844304
1201	1	-0.20003228176231858
1201	2	-0.1995712796070208
1201	3	-0.21184828302999392
1201	4	-0.2686809878142782
1201	5	-0.20827981343342827
1201	6	-0.11053539854376737
1201	7	-0.18422778562219833
1201	8	-0.15075784980121654
1201	9	-0.05328834806449123
1201	10-11	0.001700391578303595
1201	12-13	0.06791200494274108
1201	14-15	0.20757908846205453
1201	16-17	0.16331954989361464
1201	18-19	0.06921412604649646
1201	20-21	0.016594127166115413
1201	22-23	0.014162560157409132
1201	24-25	0.026507525126838516
1201	26-27	0.05419431965681554
1201	28-29	-0.042321249581455334
1201	30-31	0.019679810922902163
1201	32-33	0.12954272177277204
1201	34-35	-0.13451754014606365
1201	36-37	-0.0468294436913439
1201	38-39	-0.07518938798784092
1201	40-41	-0.21470619903460175
1201	42-43	-0.037632027423832426
1201	44-45	0.09832395134108651
1201	46-47	-0.06548282893484014
1201	48-49	0.03186939370559827
1201	50-51	0.16514357956736347
1201	52-53	0.00984768349321996
1201	54-55	0.17925562987896626
1201	56-57	0.044553420235708074
1201	58-59	-0.013423699596607719
1201	60-61	0.022891220673507462
1201	62-63	-0.03747474745193813
1201	64-65	-0.09583221124729846
1201	66-67	0.13111125689897563
1201	68-69	-0.2980411879739364
1201	70-71	-0.3449271791412585
1201	72-73	-0.2490918612522357
1201	74-75	-0.19926036926229074
1201	76-77	-0.3255684728690511
1201	78-79	-0.10515315783218782
1201	80-81	-0.3218319205537732
1201	82-83	-0.22168536561769514
1201	84-85	-0.3129009150623041
1201	86-87	-0.281154923792883
1201	88-89	-0.6224679771794399
1201	90	-0.6119019769123035
1202	1	0.017331176697034323
1202	2	0.007568612464375235
1202	3	-0.09093069224939399
1202	4	0.04167897186074754
1202	5	0.0844893656371184
1202	6	0.06475962606632635
1202	7	0.16184151798135105
1202	8	0.06509935235735753
1202	9	0.34314170589981074
1202	10-11	0.3129617329766319
1202	12-13	0.37047679175410053
1202	14-15	0.4935928463936179
1202	16-17	0.6200690408896818
1202	18-19	0.48289397739757334
1202	20-21	0.5262424696911765
1202	22-23	0.528641004087909
1202	24-25	0.4925110041440135
1202	26-27	0.5025259727829905
1202	28-29	0.6857500702706858
1202	30-31	0.48853470032573654
1202	32-33	0.5423963065441697
1202	34-35	0.6244527893722136
1202	36-37	0.6369219647175939
1202	38-39	0.5407834519576014
1202	40-41	0.632925697227428
1202	42-43	0.418455264279892
1202	44-45	0.45947657345261206
1202	46-47	0.46370138107128867
1202	48-49	0.5180086729955562
1202	50-51	0.39713768895872903
1202	52-53	0.6051302548031927
1202	54-55	0.7202121619313928
1202	56-57	0.4566232377849744
1202	58-59	0.5828353685802696
1202	60-61	0.4618176671341985
1202	62-63	0.6904038427554156
1202	64-65	0.4662227809446762
1202	66-67	0.12282289381609246
1202	68-69	0.23278468326289214
1202	70-71	0.21671369140371866
1202	72-73	-0.06492237776768661
1202	74-75	-0.15451744095771858
1202	76-77	0.014403655459240383
1202	78-79	-0.07140866792331124
1202	80-81	-0.17900047498260108
1202	82-83	-0.4388966170755211
1202	84-85	-0.6980765461283518
1202	86-87	-0.6111980161647423
1202	88-89	-0.6353541777368719
1202	90	-0.8225307697328788
1203	1	-0.2143184377968268
1203	2	-0.2164549185568987
1203	3	-0.2502556411905914
1203	4	-0.24188156090971802
1203	5	-0.2274706081738671
1203	6	-0.23046283394168654
1203	7	-0.20726326737625556
1203	8	-0.2092012153969378
1203	9	-0.041084301351027364
1203	10-11	-0.11803120185378191
1203	12-13	-0.07435429890091427
1203	14-15	-0.054630111987357566
1203	16-17	0.005565410584694064
1203	18-19	0.07348743209938391
1203	20-21	0.11923593221060003
1203	22-23	0.056482462854880566
1203	24-25	-0.09184887976439882
1203	26-27	0.10430838901235973
1203	28-29	-0.12541837001739253
1203	30-31	-0.0010072851530438243
1203	32-33	-0.045759029466701406
1203	34-35	-0.017569823079284674
1203	36-37	-0.13049519299301693
1203	38-39	-0.09913622204784645
1203	40-41	-0.138220462857781
1203	42-43	-0.1697274333836134
1203	44-45	-0.1871887251314206
1203	46-47	-0.12485558491231785
1203	48-49	-0.29933372877122366
1203	50-51	-0.19132057963498283
1203	52-53	-0.2788465659682089
1203	54-55	-0.363435341806408
1203	56-57	-0.5262503220637527
1203	58-59	-0.32855489653459813
1203	60-61	-0.3897228916298374
1203	62-63	-0.599686352978118
1203	64-65	-0.6148615222615206
1203	66-67	-0.5756995769411475
1203	68-69	-0.7818283936526669
1203	70-71	-0.5844032503452787
1203	72-73	-0.8541584990579807
1203	74-75	-0.9932449286694052
1203	76-77	-0.7377359280573188
1203	78-79	-0.7719813082250724
1203	80-81	-0.9962480881670075
1203	82-83	-1.0520175067201123
1203	84-85	-1.2253277749597125
1203	86-87	-1.2576942588235127
1203	88-89	-1.2211104831320014
1203	90	-1.5433246485403025
1204	1	-0.32956010989056495
1204	2	-0.4682744165239896
1204	3	-0.41459560289911934
1204	4	-0.3425525594423675
1204	5	-0.3392422173135543
1204	6	-0.2834669846331721
1204	7	-0.29704420945100907
1204	8	-0.2659333170701075
1204	9	-0.36506837758142296
1204	10-11	-0.22011242352485993
1204	12-13	-0.2325441208112835
1204	14-15	-0.01692541336542064
1204	16-17	-0.07537470553020853
1204	18-19	-0.19967638066085414
1204	20-21	-0.1812436089445839
1204	22-23	-0.17685805217036688
1204	24-25	-0.11626908055797713
1204	26-27	-0.23823709639656698
1204	28-29	-0.09894159381359913
1204	30-31	-0.12317520943189919
1204	32-33	-0.15786850456662904
1204	34-35	-0.265502230300811
1204	36-37	-0.1654716647910064
1204	38-39	-0.2866836579390011
1204	40-41	-0.40372434831632376
1204	42-43	-0.35936164043506125
1204	44-45	-0.2913746721925605
1204	46-47	-0.3910572370278942
1204	48-49	-0.3726694124764478
1204	50-51	-0.441875936605868
1204	52-53	-0.528115747206364
1204	54-55	-0.6200118945616424
1204	56-57	-0.49293869702641047
1204	58-59	-0.6828546897345191
1204	60-61	-0.8124487027937803
1204	62-63	-0.7082082465291251
1204	64-65	-0.8503034982714084
1204	66-67	-0.797173162188642
1204	68-69	-1.028977343575054
1204	70-71	-1.3421166322856095
1204	72-73	-1.239268566647496
1204	74-75	-1.189459360932176
1204	76-77	-1.3151162100693021
1204	78-79	-1.6183037106968818
1204	80-81	-1.5963625055767352
1204	82-83	-1.6725548604951541
1204	84-85	-1.5503776795574673
1204	86-87	-1.7987800653519948
1204	88-89	-1.8170023921399654
1204	90	-2.049761239913458
1205	1	-0.4933470339811805
1205	2	-0.4253318204360568
1205	3	-0.46207066338936187
1205	4	-0.3581767279949517
1205	5	-0.36183098068323005
1205	6	-0.3522677909610934
1205	7	-0.32098676484692845
1205	8	-0.3714085841505792
1205	9	-0.26724790448979974
1205	10-11	-0.31698054696565237
1205	12-13	-0.37613215485484375
1205	14-15	-0.29796559516481835
1205	16-17	-0.1302917094710665
1205	18-19	-0.14993430543071185
1205	20-21	-0.2853736919249883
1205	22-23	-0.28614976070285536
1205	24-25	-0.3325972209642103
1205	26-27	-0.24069192043491228
1205	28-29	-0.2591272746066622
1205	30-31	-0.1821723703813376
1205	32-33	-0.07152865738079583
1205	34-35	-0.3269902120707826
1205	36-37	-0.23551670772108224
1205	38-39	-0.34471438354022865
1205	40-41	-0.24542928112754936
1205	42-43	-0.44409884827421564
1205	44-45	-0.506179992203954
1205	46-47	-0.4234559060859979
1205	48-49	-0.38545453046764777
1205	50-51	-0.27234283052178654
1205	52-53	-0.5186071189341845
1205	54-55	-0.44198120026196364
1205	56-57	-0.44438686322512666
1205	58-59	-0.39523100948611045
1205	60-61	-0.6203612650447354
1205	62-63	-0.869913617562041
1205	64-65	-0.8282938135719178
1205	66-67	-0.8698177988246059
1205	68-69	-1.0513423008640892
1205	70-71	-1.118711994021968
1205	72-73	-0.9659324787777841
1205	74-75	-1.0188753053155821
1205	76-77	-0.9317723907168052
1205	78-79	-0.9847564312710766
1205	80-81	-1.1669514129335425
1205	82-83	-1.120714798893701
1205	84-85	-1.1511068491586514
1205	86-87	-1.3379656929324177
1205	88-89	-1.3293657217484167
1205	90	-1.2777977249998322
1206	1	-0.4817380873722321
1206	2	-0.5430807381849689
1206	3	-0.5942640255827243
1206	4	-0.32472795454617653
1206	5	-0.3507270845793329
1206	6	-0.41158236527567027
1206	7	-0.4373143261744872
1206	8	-0.4133638511058493
1206	9	-0.3610574282993255
1206	10-11	-0.31211402459912563
1206	12-13	-0.3978348965575833
1206	14-15	-0.207727499926726
1206	16-17	-0.24238766906702836
1206	18-19	-0.19871857671497395
1206	20-21	-0.2939848030360963
1206	22-23	-0.24819882275191674
1206	24-25	-0.2655842339512233
1206	26-27	-0.36343723068021916
1206	28-29	-0.2897261202055077
1206	30-31	-0.18295880616776827
1206	32-33	-0.21326386661600338
1206	34-35	-0.362949808030379
1206	36-37	-0.35366245086682113
1206	38-39	-0.3379503142761635
1206	40-41	-0.3741414023396672
1206	42-43	-0.47378499546036323
1206	44-45	-0.4577420412660018
1206	46-47	-0.49590900853910114
1206	48-49	-0.7004653529784619
1206	50-51	-0.3937714019503602
1206	52-53	-0.767986628313686
1206	54-55	-0.7848311281118967
1206	56-57	-0.46092005225830945
1206	58-59	-0.697262034017136
1206	60-61	-0.6211477008311661
1206	62-63	-0.5247801399285663
1206	64-65	-0.8831386909167946
1206	66-67	-0.981495288002094
1206	68-69	-0.9465876111094005
1206	70-71	-0.9251261354361091
1206	72-73	-1.0099007327460399
1206	74-75	-0.8336732851135622
1206	76-77	-0.8188430977875143
1206	78-79	-0.8842225207371648
1206	80-81	-0.9321281806103059
1206	82-83	-0.8629225911014942
1206	84-85	-0.9488016543534563
1206	86-87	-1.1376590551257806
1206	88-89	-1.0167178141005095
1206	90	-1.3669030641051734
1207	1	-0.6223683394730735
1207	2	-0.5216521667564038
1207	3	-0.609978311297013
1207	4	-0.39845344474225897
1207	5	-0.5700688212740062
1207	6	-0.45039188908518923
1207	7	-0.523770908807542
1207	8	-0.5851425625904412
1207	9	-0.4045028064505871
1207	10-11	-0.31667284812854746
1207	12-13	-0.4133531038404996
1207	14-15	-0.31267147751776747
1207	16-17	-0.2530529351734714
1207	18-19	-0.42401969716315335
1207	20-21	-0.4118909655010867
1207	22-23	-0.37796072751381615
1207	24-25	-0.4782873151837208
1207	26-27	-0.4641024967866585
1207	28-29	-0.4576672966760924
1207	30-31	-0.35780474454312383
1207	32-33	-0.5262120458877106
1207	34-35	-0.5980198360415869
1207	36-37	-0.6232702940040795
1207	38-39	-0.5937276252005361
1207	40-41	-0.5546666124237092
1207	42-43	-0.5408648273931291
1207	44-45	-0.4337434418262305
1207	46-47	-0.480740941312213
1207	48-49	-0.7048140924742654
1207	50-51	-0.5419506736590378
1207	52-53	-0.7622303257926788
1207	54-55	-0.522142052481648
1207	56-57	-0.5297785956756798
1207	58-59	-0.4365687567062082
1207	60-61	-0.40768831707766395
1207	62-63	-0.4896190755027945
1207	64-65	-0.3341400914770176
1207	66-67	-0.3393874448648404
1207	68-69	-0.43161562231388473
1207	70-71	-0.6564846788534737
1207	72-73	-0.5952508728020618
1207	74-75	-0.5441914923964752
1207	76-77	-0.47812881207322633
1207	78-79	-0.7079760221377249
1207	80-81	-0.8933116539996604
1207	82-83	-0.6562699300370696
1207	84-85	-0.6425761641573793
1207	86-87	-0.740425161568357
1207	88-89	-0.6489587104590484
1207	90	-0.7604604870743614
1208	1	-0.810096092036126
1208	2	-0.7473187996267256
1208	3	-0.6657929721507045
1208	4	-0.5320563536133989
1208	5	-0.565645973355565
1208	6	-0.6663167260178327
1208	7	-0.6788265435525673
1208	8	-0.697422960910167
1208	9	-0.710453149682273
1208	10-11	-0.6240016348596953
1208	12-13	-0.6114980822009031
1208	14-15	-0.6391312310430166
1208	16-17	-0.5651994403333802
1208	18-19	-0.5441274279772657
1208	20-21	-0.5824576307761333
1208	22-23	-0.5138431500357044
1208	24-25	-0.5357393591666764
1208	26-27	-0.741776731846187
1208	28-29	-0.7658332884099082
1208	30-31	-0.8531306605731217
1208	32-33	-0.5908368667173889
1208	34-35	-0.6800470401098693
1208	36-37	-0.7106912453512635
1208	38-39	-0.7565666074932338
1208	40-41	-0.7535419397015275
1208	42-43	-0.5204901054674593
1208	44-45	-0.5941247341586333
1208	46-47	-0.7008557792985073
1208	48-49	-0.5998339527959686
1208	50-51	-0.3607794116837084
1208	52-53	-0.4282451703394372
1208	54-55	-0.7502427675725016
1208	56-57	-0.6670305156061787
1208	58-59	-0.7099881315533807
1208	60-61	-0.5239313366417733
1208	62-63	-0.4751149771991692
1208	64-65	-0.47234253356101874
1208	66-67	-0.36928627451734997
1208	68-69	-0.5752142967020148
1208	70-71	-0.6120221102916297
1208	72-73	-0.765424407084474
1208	74-75	-0.7299923563900492
1208	76-77	-0.7393703207419904
1208	78-79	-0.7048876327720421
1208	80-81	-0.6319058851626735
1208	82-83	-0.3332815082666585
1208	84-85	-0.60724457232973
1208	86-87	-0.45588753530422466
1208	88-89	-0.41495009636756564
1208	90	-0.5864356606782231
1209	1	-0.7327362623696985
1209	2	-0.8225494596693075
1209	3	-0.9248419430520549
1209	4	-0.7002607538972896
1209	5	-0.7274628647679151
1209	6	-0.7727752072101666
1209	7	-0.7043765790387297
1209	8	-0.601610327837065
1209	9	-0.5777349097958293
1209	10-11	-0.606613416264949
1209	12-13	-0.6831801262037374
1209	14-15	-0.5908700529024955
1209	16-17	-0.6791100152091758
1209	18-19	-0.775497193768615
1209	20-21	-0.7889870842892677
1209	22-23	-0.6827572735275425
1209	24-25	-0.8036598701673796
1209	26-27	-0.8567518915339107
1209	28-29	-0.7058616773382269
1209	30-31	-0.6703769345262813
1209	32-33	-0.6529376474129194
1209	34-35	-0.6268177995137023
1209	36-37	-0.7898253830375594
1209	38-39	-0.5610378637033122
1209	40-41	-0.7922218545347448
1209	42-43	-0.8608023836789513
1209	44-45	-0.6650970549535202
1209	46-47	-0.527328454954997
1209	48-49	-0.5788971181614713
1209	50-51	-0.4360100717262938
1209	52-53	-0.7121344535189991
1209	54-55	-0.8808318378351032
1209	56-57	-0.7340993587573479
1209	58-59	-0.6886964353149096
1209	60-61	-0.7152017411840035
1209	62-63	-0.519117816092006
1209	64-65	-0.37794934690381865
1209	66-67	-0.547781661316499
1209	68-69	-0.5755691583059956
1209	70-71	-0.60634432462804
1209	72-73	-0.6032526540681502
1209	74-75	-0.6863443791011932
1209	76-77	-0.7769856507632795
1209	78-79	-0.7155334808912777
1209	80-81	-1.0836447070221524
1209	82-83	-0.8432176331779431
1209	84-85	-0.8872303778655741
1209	86-87	-0.732679586404295
1209	88-89	-0.6165114874250506
1209	90	-0.7404455968031343
1210	1	-0.8034566163679884
1210	2	-0.7546790408723822
1210	3	-0.7054521443946058
1210	4	-0.5719981101331655
1210	5	-0.5555432090489205
1210	6	-0.5510519550917934
1210	7	-0.6786368155662856
1210	8	-0.7005986460139084
1210	9	-0.7564039629527883
1210	10-11	-0.7493523555750841
1210	12-13	-0.5679763392732866
1210	14-15	-0.6967161845094765
1210	16-17	-0.7267334965069097
1210	18-19	-0.8119540788366209
1210	20-21	-0.859356090164809
1210	22-23	-0.6692737873912407
1210	24-25	-0.47394349844910266
1210	26-27	-0.8536246422785183
1210	28-29	-0.8543725134162585
1210	30-31	-0.858057816068758
1210	32-33	-0.8041019147065285
1210	34-35	-0.870616003221329
1210	36-37	-0.8552536814184535
1210	38-39	-1.0643470610937058
1210	40-41	-0.7407573853665426
1210	42-43	-0.8978620817404206
1210	44-45	-0.7769534981259696
1210	46-47	-0.838497410236414
1210	48-49	-0.7012468239827072
1210	50-51	-0.7528944571130225
1210	52-53	-0.9565580568851146
1210	54-55	-0.7142441408417426
1210	56-57	-0.5464327821027197
1210	58-59	-0.870610690311338
1210	60-61	-0.8103909823021738
1210	62-63	-0.7812476081039534
1210	64-65	-0.858750430662198
1210	66-67	-0.7568029259087439
1210	68-69	-0.5592538063003474
1210	70-71	-0.692233631900038
1210	72-73	-0.6657988939907327
1210	74-75	-0.4753352370230388
1210	76-77	-0.7099180624268335
1210	78-79	-1.01092690546135
1210	80-81	-0.6121387888139864
1210	82-83	-0.5932620536191742
1210	84-85	-0.6652832668004187
1210	86-87	-0.5530586307976293
1210	88-89	-0.6741930616252603
1210	90	-0.9103966991829644
1211	1	-0.7457390863732307
1211	2	-0.7637600588642925
1211	3	-0.7394488407675404
1211	4	-0.5219906918089166
1211	5	-0.48550730435955103
1211	6	-0.5526562913495923
1211	7	-0.6783183221784839
1211	8	-0.5465556592976526
1211	9	-0.5018466390885337
1211	10-11	-0.5550036349887364
1211	12-13	-0.7294233081459964
1211	14-15	-0.6846455818448121
1211	16-17	-0.6449326241119877
1211	18-19	-0.6173224728188771
1211	20-21	-0.570111176662472
1211	22-23	-0.510536485089581
1211	24-25	-0.482247570614561
1211	26-27	-0.6807574105003908
1211	28-29	-0.5816491971285771
1211	30-31	-0.5727540109629743
1211	32-33	-0.6535910394431781
1211	34-35	-0.8044183394989091
1211	36-37	-0.7188222910266617
1211	38-39	-0.7374383262641757
1211	40-41	-0.6408671765654432
1211	42-43	-0.894781498956867
1211	44-45	-0.7309663169902763
1211	46-47	-0.6322027148328075
1211	48-49	-0.5647086097217269
1211	50-51	-0.3914736996526571
1211	52-53	-0.38757703790409437
1211	54-55	-0.44570525398602
1211	56-57	-0.5525509213891766
1211	58-59	-0.746984811239912
1211	60-61	-0.5105932552767243
1211	62-63	-0.4029195005679256
1211	64-65	-0.597097232375333
1211	66-67	-0.51249179149859
1211	68-69	-0.38396523348701805
1211	70-71	-0.5353509106608847
1211	72-73	-0.4997209125662181
1211	74-75	-0.5297422161824912
1211	76-77	-0.4868450957895121
1211	78-79	-0.26328345979810663
1211	80-81	-0.2568060027881316
1211	82-83	-0.6792063073852113
1211	84-85	-0.2842237322755352
1211	86-87	-0.501607606574332
1211	88-89	-0.43480472718741936
1211	90	-0.21940056660267615
1212	1	-0.8268264940429191
1212	2	-0.7954616905659257
1212	3	-0.7988471077607429
1212	4	-0.5313825657577524
1212	5	-0.5206798673802169
1212	6	-0.5321680594689582
1212	7	-0.5983078965984419
1212	8	-0.6108372286425165
1212	9	-0.6002798514457979
1212	10-11	-0.5913289130861727
1212	12-13	-0.6426490416248996
1212	14-15	-0.6426511487111384
1212	16-17	-0.6854271506824574
1212	18-19	-0.5915521109725645
1212	20-21	-0.5671197236710199
1212	22-23	-0.5426934982592471
1212	24-25	-0.5479149552692917
1212	26-27	-0.5935331720103392
1212	28-29	-0.777721900796223
1212	30-31	-0.7237454246126234
1212	32-33	-0.8117564324186972
1212	34-35	-0.6465785000135043
1212	36-37	-0.7231872650118945
1212	38-39	-0.7160771979410185
1212	40-41	-0.927169833121269
1212	42-43	-0.695012140326746
1212	44-45	-0.7867067790598554
1212	46-47	-0.5652901618443025
1212	48-49	-0.6060465263760975
1212	50-51	-0.6362166500918036
1212	52-53	-0.9529916514199783
1212	54-55	-0.6342474431611294
1212	56-57	-0.7504584287903597
1212	58-59	-1.0025428256586792
1212	60-61	-0.8532142067584374
1212	62-63	-0.8679180744272585
1212	64-65	-1.0046139772338591
1212	66-67	-0.8122301684521602
1212	68-69	-0.6664399317845096
1212	70-71	-0.6210865533585519
1212	72-73	-0.5691070819523887
1212	74-75	-0.7660532328732579
1212	76-77	-0.9191324287097551
1212	78-79	-1.0136940899555675
1212	80-81	-1.0786908689767927
1212	82-83	-1.0040919702455575
1212	84-85	-0.9462554417756017
1212	86-87	-0.9482502747359831
1212	88-89	-1.151223540441677
1212	90	-1.2338409785114415
1213	1	-1.1921014958935352
1213	2	-0.813005550215049
1213	3	-0.7340384616729523
1213	4	-0.8942517640699847
1213	5	-0.7138473853312135
1213	6	-0.8413693326942138
1213	7	-0.709381995347421
1213	8	-0.9691909187750198
1213	9	-1.2246413881990748
1213	10-11	-0.7977468566793249
1213	12-13	-0.478110585780648
1213	14-15	-1.4013490538114368
1213	16-17	-1.0654515788414614
1213	18-19	-0.9293639401235012
1213	20-21	-0.9910963318581523
1213	22-23	-1.3933116047068026
1213	24-25	-1.2002208254299234
1213	26-27	-0.6311377319333502
1213	28-29	-0.8941998044160329
1213	30-31	-0.9149512873707764
1213	32-33	-0.5583327889217671
1213	34-35	-0.2431252466268745
1213	36-37	-0.15786044585428982
1213	38-39	-0.6012648506170137
1213	40-41	-0.8152629562243803
1213	42-43	-0.2974253463375547
1213	44-45	0.016813096578609077
1213	46-47	-0.35485637696015715
1213	48-49	-0.016236029670196217
1213	50-51	-0.6877563643563747
1213	52-53	-0.3939014152811069
1213	54-55	-1.2733399000417194
1213	56-57	-0.522517796619212
1213	58-59	0.04577681310065884
1213	60-61	-0.16454369080610576
1213	62-63	-0.9994229970714201
1213	64-65	-0.21253092149324004
1213	66-67	-0.4423286213354274
1213	68-69	-0.058956032162029715
1213	70-71	-0.387945684308292
1213	72-73	-0.13343456733250747
1213	74-75	-0.3445379467676979
1213	76-77	-0.36378044114590935
1213	78-79	-0.05542552825596303
1213	80-81	0.5415622955801709
1213	82-83	-0.4285867515024968
1213	84-85	-0.468832982674261
1213	86-87	-0.942013691717257
1213	88-89	-0.6560536536995052
1213	90	-0.10437173578436898
>>END_MODULE
>>Per sequence quality scores	pass
#Quality	Count
12	1.0
13	39.0
14	179.0
15	433.0
16	748.0
17	1208.0
18	1602.0
19	1966.0
20	2364.0
21	2711.0
22	2901.0
23	3379.0
24	3858.0
25	4586.0
26	5425.0
27	6643.0
28	8343.0
29	10271.0
30	12687.0
31	15282.0
32	18603.0
33	22901.0
34	28684.0
35	36511.0
36	47656.0
37	61779.0
38	63397.0
39	24105.0
40	95.0
41	0.0
42	0.0
43	0.0
44	0.0
45	0.0
46	0.0
47	0.0
48	0.0
49	93.0
>>END_MODULE
>>Per base sequence content	pass
#Base	G	A	T	C
1	20.441148066597133	28.02719511724031	26.11040290493298	25.421253911229574
2	23.720427339425925	29.67511906294246	25.192946325138372	21.411507272493242
3	21.345180606528878	28.488313695190264	28.291803489794603	21.874702208486255
4	22.469558501737673	28.809885442141848	27.195263225640364	21.525292830480115
5	22.51126271077359	29.40275453726348	27.380872699189084	20.705110052773847
6	22.8721843223066	28.95610760715665	26.627880036040676	21.543828034496073
7	22.93345346891492	28.764062298880166	27.448320247136053	20.854163985068862
8	21.83163856352169	28.348307375466597	28.02831767280216	21.79173638820955
9	22.170163470202084	27.98738576393358	27.996138499163344	21.84631226670099
10-11	22.79392457201699	28.30287038228858	26.820311494400823	22.0828935512936
12-13	22.76032951473806	28.597889046209296	26.704981336079292	21.936800102973354
14-15	22.653237224868064	28.8367872313039	26.659415626206716	21.850559917621315
16-17	22.696099884154975	28.764705882352942	26.623117518342127	21.916076715149956
18-19	22.72274423992792	28.69159479984554	26.520401596087012	22.06525936413953
20-21	23.10812202342644	28.64525678980564	26.28523619513451	21.961384991633416
22-23	22.990474964602907	28.491182906422964	26.268889174925985	22.24945295404814
24-25	22.77075556699704	28.603681297464277	26.28085982751963	22.34470330801905
26-27	23.080061784013388	28.64049427210709	26.239155618483718	22.040288325395803
28-29	23.05264512807311	28.75814133093062	25.970266443557726	22.218947097438537
30-31	22.997683099498005	28.65465310850817	26.058179945938985	22.289483846054832
32-33	22.8624018535204	28.75337881323208	26.019951087656068	22.364268245591454
34-35	22.9171064487064	28.863689020465955	26.015188569957527	22.204015960870123
36-37	22.83704466469301	28.956751190629426	26.041060625563134	22.16514351911443
38-39	22.905908096280086	28.815291543313165	26.08675505213026	22.192045308276484
40-41	23.083150984682714	28.700733685158962	26.065516797528637	22.15059853262968
42-43	22.745012228085983	28.749774745784528	26.050585660960223	22.454627365169262
44-45	22.78298365297979	28.779379585532244	26.305187282790577	22.132449478697385
46-47	22.826489895739478	29.03308019050071	26.132063328613718	22.008366585146096
48-49	22.87308533916849	29.01969365426696	26.156519500579222	21.950701505985325
50-51	23.010803351201602	28.975303683335135	26.006055643952852	22.007837321510408
52-53	22.791607671514996	29.078131033595056	26.19642167589136	21.933839618998586
54-55	22.790577937958552	29.008881451924314	26.21881838074398	21.981722229373148
56-57	22.901917878748872	29.085596601879267	26.209422062041448	21.803063457330417
58-59	22.86433260393873	29.224868065388083	26.13322177886472	21.77757755180847
60-61	22.950859764267943	29.10648617130412	26.113819170831732	21.82883489359621
62-63	22.869609988415498	29.052773844767664	26.203887244175572	21.873728922641266
64-65	22.760844381516282	29.2484232204917	26.31883125241344	21.67190114557858
66-67	22.928948384605484	29.110052773844767	26.162440468528768	21.79855837302098
68-69	22.872699189084823	29.23876946840005	26.173510104260522	21.7150212382546
70-71	22.992791865104902	29.26927532500965	26.162955335306986	21.574977474578453
72-73	22.752220362981078	29.209293345346893	26.280988544214186	21.757497747457847
74-75	22.866134637662505	29.26966147509332	26.2679881580641	21.596215729180074
76-77	22.8029640918575	29.278451896578577	26.279091619373947	21.639492392189975
78-79	22.97777743451912	29.363032072372658	26.131337627499136	21.527852865609088
80-81	22.875496424456585	29.19677396515213	26.217905394532732	21.709824215858546
82-83	22.808769940312608	29.20756203331012	26.33350538885621	21.65016263752106
84-85	22.85574528065083	29.032831094605815	26.28045130687194	21.830972317871417
86-87	22.861964477420585	29.256311964348697	26.317808402565205	21.563915155665512
88-89	23.010672134671502	29.22769580490241	26.142417841554007	21.61921421887208
90	23.08080470009114	29.17707212333105	26.127779866020628	21.61434331055718
>>END_MODULE
>>Per sequence GC content	warn
#GC Content	Count
0	0.0
1	0.5
2	1.0
3	1.0
4	3.0
5	7.0
6	11.0
7	14.5
8	17.0
9	24.0
10	30.0
11	40.0
12	53.5
13	69.0
14	99.0
15	135.0
16	191.5
17	285.0
18	423.0
19	640.5
20	775.0
21	911.5
22	1242.0
23	1672.5
24	2209.5
25	2796.0
26	3522.5
27	4523.5
28	5529.5
29	6401.0
30	6827.0
31	7370.5
32	8438.0
33	9698.5
34	11119.0
35	12385.0
36	13356.0
37	14095.0
38	14610.5
39	14776.5
40	14777.0
41	14782.5
42	14663.0
43	14316.5
44	14082.5
45	14023.5
46	13867.5
47	13719.0
48	13563.5
49	13143.5
50	12840.0
51	12562.0
52	12025.5
53	11660.5
54	11233.5
55	10763.0
56	10300.0
57	9715.5
58	8894.5
59	7772.0
60	7199.0
61	6693.5
62	5641.5
63	4552.5
64	3581.0
65	2768.5
66	2119.5
67	1555.0
68	1066.5
69	796.0
70	715.0
71	616.0
72	430.5
73	286.5
74	185.5
75	127.0
76	91.0
77	52.5
78	34.0
79	29.0
80	25.0
81	22.5
82	17.5
83	11.5
84	6.0
85	3.5
86	2.0
87	0.5
88	0.0
89	0.0
90	0.0
91	0.0
92	0.0
93	0.0
94	0.0
95	0.0
96	0.0
97	0.0
98	0.0
99	0.0
100	0.0
>>END_MODULE
>>Per base N content	pass
#Base	N-Count
1	0.037327841421032314
2	0.0
3	0.045050843094349334
4	0.0
5	0.0
6	0.0
7	0.0
8	0.0
9	0.0
10-11	0.0
12-13	0.0
14-15	0.0
16-17	0.0
18-19	0.0
20-21	0.0
22-23	0.0
24-25	0.0
26-27	0.0
28-29	0.0
30-31	0.0
32-33	0.0
34-35	0.0
36-37	0.0
38-39	0.0
40-41	0.0
42-43	0.0
44-45	0.0
46-47	0.0
48-49	0.0
50-51	0.013386536233749517
52-53	0.0
54-55	0.0
56-57	0.0
58-59	0.0
60-61	1.2871669455528383E-4
62-63	0.0
64-65	0.0
66-67	0.0
68-69	0.0
70-71	0.0
72-73	0.0
74-75	0.0
76-77	1.2871669455528383E-4
78-79	0.0041189342257690826
80-81	0.012228085982751963
82-83	0.002445617196550393
84-85	0.005792251254987772
86-87	0.00540610117132192
88-89	0.002188183807439825
90	0.008237868451538165
>>END_MODULE
>>Sequence Length Distribution	pass
#Length	Count
90	388450.0
>>END_MODULE
>>Sequence Duplication Levels	pass
#Total Deduplicated Percentage	95.80660342429518
#Duplication Level	Percentage of total
1	92.29420150865431
2	6.174241043376396
3	0.9420272685427169
4	0.24080354655486635
5	0.10077684131121227
6	0.06830991855672226
7	0.04304529899901149
8	0.036188474700790674
9	0.029774809105323458
>10	0.07063129019865798
>50	0.0
>100	0.0
>500	0.0
>1k	0.0
>5k	0.0
>10k+	0.0
>>END_MODULE
>>Overrepresented sequences	pass
>>END_MODULE
>>Adapter Content	pass
#Position	Illumina Universal Adapter	Illumina Small RNA 3' Adapter	Illumina Small RNA 5' Adapter	Nextera Transposase Sequence	PolyA	PolyG
1	0.0	0.0	0.0	0.0	0.04067447547946969	0.0
2	0.0	0.0	0.0	0.0	0.05225897798944523	0.0
3	0.0	0.0	0.0	0.0	0.06101171321920453	0.0
4	0.0	0.0	0.0	0.0	0.07259621572918007	0.0
5	0.0	0.0	0.0	0.0	0.08443815162826619	2.5743338911056766E-4
6	0.0	0.0	0.0	0.0	0.09319088685802548	2.5743338911056766E-4
7	0.0	0.0	0.0	0.0	0.10657742309177501	2.5743338911056766E-4
8	0.0	0.0	0.0	0.0	0.11816192560175055	2.5743338911056766E-4
9	0.0	0.0	0.0	0.0	0.1287166945552838	2.5743338911056766E-4
10-11	0.0	0.0	0.0	0.0	0.1512421161024585	2.5743338911056766E-4
12-13	0.0	2.5743338911056766E-4	0.0	0.0	0.18264898957394773	2.5743338911056766E-4
14-15	0.0	2.5743338911056766E-4	0.0	0.0	0.2132835628781053	2.5743338911056766E-4
16-17	0.0	2.5743338911056766E-4	0.0	0.0	0.2410863689020466	5.148667782211353E-4
18-19	0.0	2.5743338911056766E-4	0.0	0.0	0.27712704337752603	5.148667782211353E-4
20-21	0.0	2.5743338911056766E-4	0.0	0.0	0.31625691852233234	5.148667782211353E-4
22-23	0.0	2.5743338911056766E-4	0.0	0.0	0.3540996267215858	9.010168618869868E-4
24-25	0.0	2.5743338911056766E-4	0.0	0.0	0.3929720684772815	0.0011584502509975544
26-27	0.0	6.435834727764191E-4	0.0	0.0	0.44021109537907066	0.0012871669455528382
28-29	0.0	7.723001673317029E-4	0.0	0.0	0.5004505084309434	0.0012871669455528382
30-31	0.0	7.723001673317029E-4	0.0	0.0	0.5592740378427081	0.001415883640108122
32-33	0.0	0.0010297335564422706	0.0	0.0	0.62363238512035	0.0015446003346634059
34-35	0.0	0.0010297335564422706	0.0	0.0	0.6789805637791222	0.0015446003346634059
36-37	0.0	0.0010297335564422706	0.0	0.0	0.7372892264126658	0.0015446003346634059
38-39	0.0	0.0010297335564422706	0.0	0.0	0.7936671386278801	0.0016733170292186897
40-41	0.0	0.0010297335564422706	0.0	0.0	0.8581542026000772	0.0018020337237739735
42-43	0.0	0.0010297335564422706	0.0	1.2871669455528383E-4	0.9298494014673704	0.0020594671128845413
44-45	0.0	0.0010297335564422706	0.0	2.5743338911056766E-4	1.0007723001673317	0.0032179173638820953
46-47	0.0	0.0010297335564422706	0.0	2.5743338911056766E-4	1.0638434804994208	0.003604067447547947
48-49	0.0	0.0010297335564422706	0.0	2.5743338911056766E-4	1.1234393100785174	0.004505084309434934
50-51	0.0	0.0010297335564422706	0.0	3.861500836658515E-4	1.188698674218046	0.005148667782211352
52-53	0.0	0.0012871669455528382	0.0	5.148667782211353E-4	1.2618097567254474	0.006950701505985327
54-55	0.0	0.0012871669455528382	0.0	5.148667782211353E-4	1.335178272621959	0.010039902175312138
56-57	0.0	0.0012871669455528382	0.0	5.148667782211353E-4	1.3943879521173896	0.011455785815420259
58-59	0.0	0.0012871669455528382	0.0	5.148667782211353E-4	1.4546273651692623	0.012742952760973099
60-61	0.0	0.0012871669455528382	0.0	5.148667782211353E-4	1.5137083279701378	0.014931136568412922
62-63	0.0	0.0012871669455528382	0.0	5.148667782211353E-4	1.5664821727378042	0.017248037070408034
64-65	0.0	0.0012871669455528382	0.0	5.148667782211353E-4	1.6214442013129102	0.020465954434290126
66-67	0.0	0.0012871669455528382	0.0	5.148667782211353E-4	1.6739606126914661	0.02355515510361694
68-69	0.0	0.0012871669455528382	0.0	5.148667782211353E-4	1.7349723259106706	0.02728793924572017
70-71	0.0	0.0012871669455528382	0.0	5.148667782211353E-4	1.799588106577423	0.029862273136825844
72-73	0.0	0.0012871669455528382	0.0	5.148667782211353E-4	1.8495301840648732	0.03372377397348436
74-75	0.0	0.0012871669455528382	0.0	5.148667782211353E-4	1.9082249967820826	0.03681297464281118
76-77	0.0	0.0012871669455528382	0.0	5.148667782211353E-4	1.9710387437250612	0.04106062556313554
78-79	0.0	0.0012871669455528382	0.0	5.148667782211353E-4	2.0258720556056122	0.04620929334534689
>>END_MODULE
