##FastQC	0.12.1
>>Basic Statistics	pass
#Measure	Value
Filename	mom.chr22.2.fq
File type	Conventional base calls
Encoding	Illumina 1.5
Total Sequences	388450
Total Bases	34.9 Mbp
Sequences flagged as poor quality	0
Sequence length	90
%GC	44
>>END_MODULE
>>Per base sequence quality	pass
#Base	Mean	Median	Lower Quartile	Upper Quartile	10th Percentile	90th Percentile
1	31.313788132320763	31.0	31.0	34.0	28.0	34.0
2	31.626505341742824	31.0	31.0	34.0	28.0	34.0
3	31.699945938988286	33.0	31.0	34.0	28.0	34.0
4	35.255451152014416	37.0	35.0	37.0	32.0	37.0
5	35.22509975543828	37.0	35.0	37.0	32.0	37.0
6	35.237587849144035	37.0	35.0	37.0	32.0	37.0
7	35.21797657356159	37.0	35.0	37.0	32.0	37.0
8	35.23537134766379	37.0	35.0	37.0	32.0	37.0
9	36.729368001029734	39.0	37.0	39.0	32.0	39.0
10-11	36.666695842450764	39.0	37.0	39.0	32.0	39.0
12-13	36.63076071566482	39.0	37.0	39.0	32.0	39.0
14-15	37.80174411121122	40.0	37.0	41.0	32.0	41.0
16-17	37.72802162440468	40.0	37.0	41.0	32.0	41.0
18-19	37.71487192688892	40.0	37.0	41.0	32.0	41.0
20-21	37.68865619770884	40.0	37.0	41.0	32.0	41.0
22-23	37.54578324108637	40.0	37.0	41.0	32.0	41.0
24-25	37.49390912601365	39.5	37.0	41.0	32.0	41.0
26-27	37.377793795855325	39.0	36.0	41.0	31.0	41.0
28-29	37.24870639721972	39.0	36.0	41.0	31.0	41.0
30-31	37.09833311880551	39.0	36.0	41.0	30.5	41.0
32-33	36.93283434161411	39.0	36.0	40.5	30.0	41.0
34-35	36.7533144548848	39.0	36.0	40.0	30.0	41.0
36-37	36.599676921096666	38.5	35.0	40.0	30.0	41.0
38-39	36.678755309563655	39.0	35.0	40.0	30.0	41.0
40-41	36.60945552838203	39.0	35.0	40.0	30.0	41.0
42-43	36.512152143132965	38.5	35.0	40.0	30.0	41.0
44-45	36.30983395546402	38.0	35.0	40.0	29.0	41.0
46-47	36.16007208134895	38.0	35.0	40.0	29.0	41.0
48-49	35.89597502896126	38.0	34.0	40.0	28.0	41.0
50-51	35.245198867293084	37.5	33.5	39.5	27.5	40.5
52-53	35.61202728793924	38.0	34.0	39.5	28.0	40.5
54-55	36.070817351010426	38.0	35.0	40.0	29.0	41.0
56-57	35.95507529926631	38.0	34.5	40.0	28.0	41.0
58-59	35.69181747972712	38.0	34.0	40.0	28.0	41.0
60-61	35.35837302098082	38.0	34.0	40.0	27.5	41.0
62-63	34.9993782983653	37.5	34.0	40.0	27.0	41.0
64-65	34.58697515767795	37.0	33.0	40.0	26.0	41.0
66-67	34.2282790577938	36.5	33.0	39.0	26.0	41.0
68-69	33.863561590938346	36.0	32.5	39.0	26.0	41.0
70-71	33.4268297078131	35.5	32.0	39.0	25.0	40.5
72-73	33.00324366070279	35.0	32.0	38.5	24.5	40.0
74-75	32.56777191401724	35.0	31.5	37.5	23.5	40.0
76-77	32.043615651950056	35.0	31.0	37.0	22.0	39.0
78-79	31.55754794696872	35.0	31.0	36.5	20.5	39.0
80-81	31.01011198352426	34.0	30.5	36.0	19.0	38.5
82-83	30.490991118548074	34.0	30.0	35.5	17.0	37.0
84-85	29.92893808726992	34.0	30.0	35.0	8.5	37.0
86-87	29.36977989445231	34.0	29.0	35.0	2.0	36.5
88-89	28.762240957652207	34.0	29.0	35.0	2.0	36.0
90	28.299897026644356	34.0	29.0	35.0	2.0	36.0
>>END_MODULE
>>Per tile sequence quality	fail
#Tile	Base	Mean
0	1	17.10772565657974
0	2	16.804696174019753
0	3	16.758137265580807
0	4	13.323024293041307
0	5	13.352933921673106
0	6	13.358518809561687
0	7	13.371407134120169
0	8	13.301725109421668
0	9	11.896406422344356
0	10-11	11.969265973113416
0	12-13	11.983751564649815
0	14-15	10.833159829117925
0	16-17	10.903892100368267
0	18-19	10.927224617285596
0	20-21	10.981745820395801
0	22-23	11.112060092165365
0	24-25	11.176572532413893
0	26-27	11.275576858737551
0	28-29	11.39156758884996
0	30-31	11.55900308655675
0	32-33	11.698159054217356
0	34-35	11.895995623482953
0	36-37	12.042369594354525
0	38-39	11.969047597553491
0	40-41	12.015445913257174
0	42-43	12.088098714392373
0	44-45	12.295866885839004
0	46-47	12.432839678157485
0	48-49	12.675514510820122
0	50-51	13.346943697322203
0	52-53	12.97834392660895
0	54-55	12.553272783915162
0	56-57	12.622131267931103
0	58-59	12.878055948979203
0	60-61	13.18243405265762
0	62-63	13.547299406053803
0	64-65	13.946832929779958
0	66-67	14.301614908955848
0	68-69	14.650050106778444
0	70-71	15.08286541538665
0	72-73	15.484750796723716
0	74-75	15.934167901019073
0	76-77	16.472723061187736
0	78-79	16.93594614044744
0	80-81	17.464499280389866
0	82-83	17.980477152314133
0	84-85	18.500818742459504
0	86-87	19.049599564086638
0	88-89	19.623745918484595
0	90	20.072278091083778
1101	1	-0.1718171562834918
1101	2	-0.14048011424061002
1101	3	-0.2456403399984275
1101	4	-0.09561189448290719
1101	5	-0.02831365678485298
1101	6	-0.006068559675043161
1101	7	0.09099256612326911
1101	8	-0.09056470072943767
1101	9	0.08635217980270227
1101	10-11	0.1850737995372853
1101	12-13	0.08172715550607279
1101	14-15	0.25271620261656835
1101	16-17	0.2995236385317668
1101	18-19	0.3607290729229433
1101	20-21	0.2566392725461313
1101	22-23	0.2056284765125156
1101	24-25	0.2565802813484126
1101	26-27	0.1255865449057012
1101	28-29	0.17914992127925444
1101	30-31	0.12637038605306827
1101	32-33	0.18454998796396893
1101	34-35	0.28968992801608096
1101	36-37	0.3131464250403013
1101	38-39	0.16843736895992123
1101	40-41	0.04053308877053752
1101	42-43	0.18946446410178908
1101	44-45	0.2729106673190529
1101	46-47	0.232190704891309
1101	48-49	0.15565786610876842
1101	50-51	0.28446791274258487
1101	52-53	0.2258739537302219
1101	54-55	0.2524688319585522
1101	56-57	0.16751096572265567
1101	58-59	0.2384298350698657
1101	60-61	0.21144412627250375
1101	62-63	-0.009122523430896479
1101	64-65	0.14811150397601125
1101	66-67	0.07844559473655721
1101	68-69	0.09789009128057558
1101	70-71	0.10911493107823844
1101	72-73	0.17469655418206287
1101	74-75	0.10231978013569432
1101	76-77	0.15380597478711877
1101	78-79	0.07189151045906783
1101	80-81	0.07569649077343854
1101	82-83	0.2194833514617507
1101	84-85	0.04881370565206211
1101	86-87	0.0789970844275878
1101	88-89	0.11028214475348364
1101	90	0.06743500700783756
1102	1	0.26845473694427824
1102	2	0.054903299123317595
1102	3	0.13096245199339762
1102	4	0.14075420190626176
1102	5	0.2154028529075731
1102	6	0.17044921552688663
1102	7	0.29767059725190137
1102	8	0.2296455733819016
1102	9	0.4564727023774964
1102	10-11	0.4754797262202928
1102	12-13	0.32965048759927384
1102	14-15	0.6653884952322571
1102	16-17	0.7344637656540982
1102	18-19	0.7018725046095398
1102	20-21	0.7145544368001069
1102	22-23	0.6323583523144976
1102	24-25	0.6401185141868808
1102	26-27	0.6666290542636517
1102	28-29	0.6889992375657812
1102	30-31	0.5925573533338806
1102	32-33	0.6107522605139621
1102	34-35	0.642060246515264
1102	36-37	0.5966363714879179
1102	38-39	0.6239771750182825
1102	40-41	0.503846907457671
1102	42-43	0.5218186812523555
1102	44-45	0.45990996786053984
1102	46-47	0.5239747237250114
1102	48-49	0.6684722572989941
1102	50-51	0.5615253046130064
1102	52-53	0.5848062298401047
1102	54-55	0.8444906795241138
1102	56-57	0.9622306879808136
1102	58-59	0.8403591801308181
1102	60-61	0.8162368695590274
1102	62-63	0.7573242610662305
1102	64-65	0.6531295329282614
1102	66-67	0.7407201285084639
1102	68-69	0.8807874721471265
1102	70-71	1.0671239075158923
1102	72-73	1.1106828596897458
1102	74-75	0.9233973956338204
1102	76-77	0.8820022658273388
1102	78-79	0.9525161487324425
1102	80-81	0.7631736797270676
1102	82-83	0.9311813776662454
1102	84-85	1.1097665469334075
1102	86-87	1.2898646842191965
1102	88-89	1.0392388762310745
1102	90	1.2330071714483175
1103	1	0.061038909591786705
1103	2	-0.1636773199561503
1103	3	-0.04833863803364835
1103	4	0.11293393159552068
1103	5	-0.01980704218231466
1103	6	-0.07747516634192664
1103	7	0.03255171243342403
1103	8	-0.05595561346989797
1103	9	-0.10208755355925803
1103	10-11	0.0054105514266709065
1103	12-13	0.1358599983847526
1103	14-15	0.3640333230938282
1103	16-17	0.351934269042971
1103	18-19	0.366230641381982
1103	20-21	0.16999883244399427
1103	22-23	0.15008720059910274
1103	24-25	0.3075966287994376
1103	26-27	0.33092324427971676
1103	28-29	0.1686760225848971
1103	30-31	0.20809947209891533
1103	32-33	0.2734602590366322
1103	34-35	0.34742634637451886
1103	36-37	0.3209840521858496
1103	38-39	0.28794819996313237
1103	40-41	0.1219971180764503
1103	42-43	0.13440895535622843
1103	44-45	0.4054301388510524
1103	46-47	0.2841197986394164
1103	48-49	0.17250246262734947
1103	50-51	0.415467793707748
1103	52-53	0.2987505531149779
1103	54-55	0.2388902537946791
1103	56-57	0.32582102696724746
1103	58-59	0.30200173211173365
1103	60-61	0.5291961008503918
1103	62-63	0.5055072373790992
1103	64-65	0.5307937731534551
1103	66-67	0.4239793667871723
1103	68-69	0.4113452875013408
1103	70-71	0.326464812977008
1103	72-73	0.19634718226588177
1103	74-75	0.2752823588503972
1103	76-77	0.2148164346817083
1103	78-79	0.17239192357997268
1103	80-81	0.2743637382211901
1103	82-83	0.1115012486996747
1103	84-85	0.21542717619444218
1103	86-87	0.007054383363747974
1103	88-89	0.053715798002667015
1103	90	0.2093262838548604
1104	1	-0.25611036098980833
1104	2	-0.3065776180739519
1104	3	-0.31872949869444867
1104	4	-0.24432563375225413
1104	5	-0.19025787920536885
1104	6	-0.12683990200493156
1104	7	-0.13444938125318373
1104	8	-0.2678210106369008
1104	9	-0.17680001982255789
1104	10-11	-0.050499766271649094
1104	12-13	-0.13264667839557376
1104	14-15	-0.007616159169046455
1104	16-17	0.05725959670795078
1104	18-19	0.03849840937929372
1104	20-21	0.06300497120107451
1104	22-23	0.06960035570855894
1104	24-25	0.027963454815058242
1104	26-27	0.09292678553110534
1104	28-29	0.09142117596562827
1104	30-31	-0.05117260890445152
1104	32-33	-0.15872235134632717
1104	34-35	0.12549781967621954
1104	36-37	0.007962566536079407
1104	38-39	-0.17187480361781127
1104	40-41	-0.023353501091285978
1104	42-43	0.036488172664704166
1104	44-45	0.08247010692245738
1104	46-47	0.09169765765967952
1104	48-49	-0.03129368830140322
1104	50-51	-0.28006947983738684
1104	52-53	-0.46492108071169724
1104	54-55	-0.07849881198527697
1104	56-57	-0.14067985944810601
1104	58-59	-0.2716512252521355
1104	60-61	-0.3428221698899634
1104	62-63	-0.3641207989242332
1104	64-65	-0.3189064552859264
1104	66-67	-0.3038023677644972
1104	68-69	-0.34811973216738323
1104	70-71	-0.18909651726342247
1104	72-73	-0.3937265092792117
1104	74-75	-0.2799609423191427
1104	76-77	-0.12427547468341515
1104	78-79	-0.09077421094347926
1104	80-81	-0.2595124326408822
1104	82-83	-0.1875316324589278
1104	84-85	-0.04969370263566475
1104	86-87	-0.21540775655757827
1104	88-89	-0.19030971841145217
1104	90	-0.1400205912002619
1105	1	-0.47419524737506435
1105	2	-0.33513433445482477
1105	3	-0.27787968357173654
1105	4	-0.16850113068750971
1105	5	-0.1590717280444096
1105	6	-0.12665068196373852
1105	7	-0.28254766813972054
1105	8	-0.19686246119979955
1105	9	-0.06828284319236388
1105	10-11	-0.0727538008978783
1105	12-13	-0.08792922631064215
1105	14-15	0.09481237149080357
1105	16-17	0.032070066469955805
1105	18-19	0.04586868508220476
1105	20-21	0.05272039666698447
1105	22-23	0.07569003566818822
1105	24-25	0.21753298439129054
1105	26-27	0.121622056477662
1105	28-29	0.05081900127933636
1105	30-31	-0.09777657446019816
1105	32-33	7.720485676401267E-4
1105	34-35	0.11386285512137562
1105	36-37	-0.051556959317792916
1105	38-39	0.054852682299248556
1105	40-41	0.08359563077129906
1105	42-43	-0.08527699182231174
1105	44-45	0.02715219657346779
1105	46-47	-0.10423659302895061
1105	48-49	-0.005276449631857361
1105	50-51	-0.005104325276661825
1105	52-53	0.3120303672869156
1105	54-55	0.2923264562315495
1105	56-57	0.23653804759211994
1105	58-59	-0.08027738435412601
1105	60-61	0.03342275322258814
1105	62-63	0.08790675068657094
1105	64-65	0.0697142857121662
1105	66-67	0.11552733833438111
1105	68-69	0.2528043440665826
1105	70-71	0.14430609335275335
1105	72-73	0.0811491018084638
1105	74-75	0.1548599914145541
1105	76-77	-0.015977503784014857
1105	78-79	-0.00896911378984555
1105	80-81	-0.0019555218700233468
1105	82-83	0.13337263254011944
1105	84-85	-0.12700611629755443
1105	86-87	-0.13189761105460818
1105	88-89	-0.040448996769640644
1105	90	-0.03789140044164441
1106	1	-0.3529324263959417
1106	2	-0.4077501779115771
1106	3	-0.42927332097141147
1106	4	-0.25637484858959425
1106	5	-0.355220584764659
1106	6	-0.265944709751615
1106	7	-0.3424698329756808
1106	8	-0.255499497159164
1106	9	-0.059244507555497705
1106	10-11	-0.24389568640017245
1106	12-13	-0.11281495895533311
1106	14-15	-0.07599610793500489
1106	16-17	-0.07858286386635172
1106	18-19	-0.14251787198478638
1106	20-21	0.03932808076775984
1106	22-23	0.22758226670041637
1106	24-25	0.023496709810167715
1106	26-27	5.410933584357736E-4
1106	28-29	0.09078075050947376
1106	30-31	0.12946088340940065
1106	32-33	0.08657107138473918
1106	34-35	0.011160144226870727
1106	36-37	0.06883597489816395
1106	38-39	-0.04096670859815532
1106	40-41	0.019022451168474674
1106	42-43	-0.08357510535011414
1106	44-45	-0.04497717710806626
1106	46-47	0.0025821674278674323
1106	48-49	-0.10846259933724411
1106	50-51	-0.1269475759252927
1106	52-53	-0.03810814778304206
1106	54-55	-0.077270849847352
1106	56-57	-0.053834397304946435
1106	58-59	-0.04182960180763473
1106	60-61	-0.006049495267987481
1106	62-63	0.061605557699003555
1106	64-65	-0.10538452372504992
1106	66-67	-0.04101742294687227
1106	68-69	0.034170278452258174
1106	70-71	0.16905997904902392
1106	72-73	0.06593820731026767
1106	74-75	-0.09337144089794691
1106	76-77	0.054625779356548776
1106	78-79	0.14875014616990256
1106	80-81	0.12186694848714552
1106	82-83	0.09564167305805427
1106	84-85	0.014767240313581453
1106	86-87	-0.10562218126386469
1106	88-89	0.06902488844167465
1106	90	0.01576879208520765
1107	1	-0.5101087383247211
1107	2	-0.5979931394975857
1107	3	-0.6006737747588957
1107	4	-0.42573720731255094
1107	5	-0.454567847612104
1107	6	-0.45322924422458044
1107	7	-0.48209605059320637
1107	8	-0.41377382900720505
1107	9	-0.34067779563158496
1107	10-11	-0.38919121018452785
1107	12-13	-0.43946145728931896
1107	14-15	-0.4085245304008325
1107	16-17	-0.4839352173953557
1107	18-19	-0.2748277535565862
1107	20-21	-0.551870598570936
1107	22-23	-0.40917133033994446
1107	24-25	-0.4044607301480312
1107	26-27	-0.3698583854238109
1107	28-29	-0.38727176005308905
1107	30-31	-0.5595390224312169
1107	32-33	-0.5502485890947497
1107	34-35	-0.608958375101615
1107	36-37	-0.4261371289292697
1107	38-39	-0.5160904066927898
1107	40-41	-0.4842002297010737
1107	42-43	-0.3393605920478251
1107	44-45	-0.5770984361708997
1107	46-47	-0.4270329333074798
1107	48-49	-0.6100481218762752
1107	50-51	-0.6573025871788616
1107	52-53	-0.542887495896359
1107	54-55	-0.7425517029921309
1107	56-57	-0.7901121857136246
1107	58-59	-0.5724040651750784
1107	60-61	-0.5100641780571706
1107	62-63	-0.45553145028024034
1107	64-65	-0.5574133547211062
1107	66-67	-0.5129640011644625
1107	68-69	-0.526524557057364
1107	70-71	-0.6046788167435722
1107	72-73	-0.6263603143873979
1107	74-75	-0.7232984825619582
1107	76-77	-0.7240214540281187
1107	78-79	-0.6376561242376226
1107	80-81	-0.8299097783504052
1107	82-83	-0.743514355116865
1107	84-85	-0.8371147324166444
1107	86-87	-0.8668901740591544
1107	88-89	-0.7138336993497987
1107	90	-0.5321097362339842
1108	1	-0.4568907912433424
1108	2	-0.47173782736241776
1108	3	-0.47544946558712553
1108	4	-0.45168199583222446
1108	5	-0.4196991121900595
1108	6	-0.4410665394362425
1108	7	-0.26577323906573014
1108	8	-0.4384269292790961
1108	9	-0.32750511877519983
1108	10-11	-0.3375757684207983
1108	12-13	-0.37077504212282264
1108	14-15	-0.4042278695690129
1108	16-17	-0.2778632555405096
1108	18-19	-0.20477261837439187
1108	20-21	-0.2736100883809769
1108	22-23	-0.367207357730976
1108	24-25	-0.21734591955570437
1108	26-27	-0.20783710117952126
1108	28-29	-0.1212174837139699
1108	30-31	-0.1479768719781518
1108	32-33	-0.18193769768312507
1108	34-35	-0.20075627700079934
1108	36-37	-0.30420953487836755
1108	38-39	-0.13115972794754782
1108	40-41	-0.12691759745464282
1108	42-43	-0.15896417434294108
1108	44-45	-0.17821742653141825
1108	46-47	-0.18637248493858039
1108	48-49	-0.18039426595942132
1108	50-51	-0.2532636281788285
1108	52-53	-0.2272538619190385
1108	54-55	-0.13297462451608055
1108	56-57	-0.12458607830248525
1108	58-59	-0.059746400709805414
1108	60-61	-0.1327007089180583
1108	62-63	-0.2267157978162757
1108	64-65	-0.2518540087134795
1108	66-67	0.04038477764969883
1108	68-69	-0.020647889075043224
1108	70-71	-0.10165428053595349
1108	72-73	-0.12927822884643092
1108	74-75	-0.11766347424008217
1108	76-77	-0.03798875636582011
1108	78-79	0.10871739131130198
1108	80-81	0.28378055198627194
1108	82-83	0.16188696572118388
1108	84-85	0.02707997259080841
1108	86-87	-0.1684377545035467
1108	88-89	0.1500071486158987
1108	90	0.24781368196145692
1109	1	-0.40635885046251374
1109	2	-0.3938953752760206
1109	3	-0.45735569216567384
1109	4	-0.157257397099535
1109	5	-0.2034041064959098
1109	6	-0.2048614721284565
1109	7	-0.266621034893916
1109	8	-0.23489460888819025
1109	9	-0.16345273258522042
1109	10-11	-0.06946642125277691
1109	12-13	-0.09723435084314502
1109	14-15	-0.17705143848770888
1109	16-17	-0.10138958977258028
1109	18-19	-0.0689021432777821
1109	20-21	-0.14114150354785693
1109	22-23	-0.14322159797548295
1109	24-25	-0.11110352392413603
1109	26-27	-0.2096344088680837
1109	28-29	-0.11864367875567439
1109	30-31	-0.18254620921789666
1109	32-33	-0.0958550302896839
1109	34-35	-0.15506071454521475
1109	36-37	-0.2759402648004041
1109	38-39	0.0197518229056044
1109	40-41	-0.06730056561606546
1109	42-43	-0.134084384199177
1109	44-45	-0.0442739592314183
1109	46-47	-0.1523715894481441
1109	48-49	-0.0075840807291740475
1109	50-51	0.1578591902799502
1109	52-53	-0.19207860860232273
1109	54-55	-0.122079328760897
1109	56-57	-0.09230535178721055
1109	58-59	-0.021239825668679657
1109	60-61	-0.21580538396209903
1109	62-63	-0.0343907347912662
1109	64-65	-0.08063185895242952
1109	66-67	-0.03289213329767193
1109	68-69	0.062021937764356494
1109	70-71	-0.15762754235983323
1109	72-73	-0.12053089341712564
1109	74-75	-0.22076167644571143
1109	76-77	-0.17446003740381144
1109	78-79	-0.1563073806793227
1109	80-81	-0.19254297313126045
1109	82-83	-0.28783270684079554
1109	84-85	-0.4833361871179598
1109	86-87	-0.43807649225139045
1109	88-89	-0.4459723913745606
1109	90	-0.3643416272260822
1110	1	-0.7078423658606532
1110	2	-0.7198480055033869
1110	3	-0.6703339826660368
1110	4	-0.5395283016290975
1110	5	-0.6772203560267513
1110	6	-0.5706537009572443
1110	7	-0.5598691632150334
1110	8	-0.6036044838462118
1110	9	-0.5481938581605519
1110	10-11	-0.62470317134661
1110	12-13	-0.718562600848081
1110	14-15	-0.5620014612046518
1110	16-17	-0.5943547439515129
1110	18-19	-0.5482312031912642
1110	20-21	-0.600652496574746
1110	22-23	-0.6270703426172446
1110	24-25	-0.5776350412186488
1110	26-27	-0.5904820472933068
1110	28-29	-0.40226130315564745
1110	30-31	-0.5237458615498412
1110	32-33	-0.5325562333001699
1110	34-35	-0.44586973416080156
1110	36-37	-0.6322447113958276
1110	38-39	-0.681373159809759
1110	40-41	-0.5946522634609153
1110	42-43	-0.46309343147017756
1110	44-45	-0.5070784157037735
1110	46-47	-0.4893202096405531
1110	48-49	-0.4626341567815615
1110	50-51	-0.6548094583580166
1110	52-53	-0.6331567746533224
1110	54-55	-0.5536697125785253
1110	56-57	-0.4252039354349577
1110	58-59	-0.47888654751448456
1110	60-61	-0.7078184017603348
1110	62-63	-0.5533317299910792
1110	64-65	-0.8066733815804952
1110	66-67	-0.7870947684635112
1110	68-69	-1.0214085187474993
1110	70-71	-0.8371906855951181
1110	72-73	-0.9149686983674457
1110	74-75	-0.8740368675643779
1110	76-77	-1.003083390425168
1110	78-79	-1.192735486481027
1110	80-81	-1.0253324166648312
1110	82-83	-1.5738706737728236
1110	84-85	-1.3568250163062743
1110	86-87	-1.2158282058993386
1110	88-89	-1.0634911081633724
1110	90	-1.0728831992388024
1111	1	-0.8804359033088396
1111	2	-0.7586742995178497
1111	3	-0.7655396146420337
1111	4	-0.5279506373208065
1111	5	-0.5077903123101777
1111	6	-0.5349352294355256
1111	7	-0.6216290775789943
1111	8	-0.5701411858429566
1111	9	-0.545097755928623
1111	10-11	-0.6919457260509247
1111	12-13	-0.5646467640409938
1111	14-15	-0.564124293444749
1111	16-17	-0.8043251698267184
1111	18-19	-0.5971486417673262
1111	20-21	-0.5377527868465393
1111	22-23	-0.6731070387538551
1111	24-25	-0.5232881918200931
1111	26-27	-0.4991445897304132
1111	28-29	-0.5311343610107642
1111	30-31	-0.5492838215212501
1111	32-33	-0.5643757647241472
1111	34-35	-0.41145562999894025
1111	36-37	-0.7138978151162263
1111	38-39	-0.6221780291874595
1111	40-41	-0.47236745721636453
1111	42-43	-0.7071659095630594
1111	44-45	-0.47328353198829376
1111	46-47	-0.5295558650180041
1111	48-49	-0.4613239292912965
1111	50-51	-0.46398945031010896
1111	52-53	-0.5369764076528867
1111	54-55	-0.6162954612101856
1111	56-57	-0.753913300314025
1111	58-59	-0.6515401512993506
1111	60-61	-0.5867163651696785
1111	62-63	-0.5317395911606795
1111	64-65	-0.5002422791336869
1111	66-67	-0.5075772916012582
1111	68-69	-0.5738356870934211
1111	70-71	-0.4526499049476129
1111	72-73	-0.5942882004907659
1111	74-75	-0.5940354415993099
1111	76-77	-0.5342407271131009
1111	78-79	-0.7329257258478208
1111	80-81	-0.6228962627856234
1111	82-83	-0.7872805078529979
1111	84-85	-0.8233456029443964
1111	86-87	-0.5186455612615539
1111	88-89	-0.5517415466964621
1111	90	-0.8525129952671975
1112	1	-0.9707057159692809
1112	2	-1.1056679716385105
1112	3	-1.1018067120102302
1112	4	-0.812830048695389
1112	5	-0.8886627169823527
1112	6	-0.8935820307744464
1112	7	-0.8855956670002811
1112	8	-1.0841292323150284
1112	9	-0.9635375552466812
1112	10-11	-0.8325547551779025
1112	12-13	-0.816668603417412
1112	14-15	-0.8744732241033617
1112	16-17	-1.1325224654580666
1112	18-19	-1.1175933098852724
1112	20-21	-0.9125118826854361
1112	22-23	-1.232477722960688
1112	24-25	-0.9368728457373692
1112	26-27	-0.9450113765565646
1112	28-29	-0.7800010386010214
1112	30-31	-0.9938680619026314
1112	32-33	-0.663185483597772
1112	34-35	-0.8126878499064034
1112	36-37	-1.0836808258135449
1112	38-39	-0.8660364360599502
1112	40-41	-0.670128316434706
1112	42-43	-0.7417332183807375
1112	44-45	-0.6102955791469924
1112	46-47	-0.737328389069404
1112	48-49	-0.7089392706924826
1112	50-51	-0.8943028012772345
1112	52-53	-0.8609417876767651
1112	54-55	-0.9992482244881984
1112	56-57	-0.8922244743658112
1112	58-59	-0.6762157597042702
1112	60-61	-0.7286303731126864
1112	62-63	-0.8382047956268721
1112	64-65	-1.0125508237214405
1112	66-67	-1.1679229061701975
1112	68-69	-0.883563338599707
1112	70-71	-0.8478068535209147
1112	72-73	-0.9994929007552713
1112	74-75	-0.7965743958996896
1112	76-77	-0.8073889836301902
1112	78-79	-1.0339418147346322
1112	80-81	-1.2224755095260988
1112	82-83	-1.1872399345206013
1112	84-85	-1.1469403611819509
1112	86-87	-1.077851416305517
1112	88-89	-1.0870383952408957
1112	90	-1.2127359145184649
1113	1	-1.0535876910291115
1113	2	-0.9526200286925963
1113	3	-0.9235186944477434
1113	4	-0.8468543650600466
1113	5	-0.9097356000970578
1113	6	-0.7185689848708634
1113	7	-0.9162445432531356
1113	8	-0.8902806007853243
1113	9	-0.791673520553573
1113	10-11	-0.8604984808480438
1113	12-13	-0.8288822683266304
1113	14-15	-1.0993883507535926
1113	16-17	-0.8441450159772046
1113	18-19	-1.125237909481001
1113	20-21	-1.0064768776770023
1113	22-23	-0.955034840025931
1113	24-25	-1.1528350336103799
1113	26-27	-1.031346767243889
1113	28-29	-1.1459056445547517
1113	30-31	-1.1140875629793001
1113	32-33	-1.239385556774792
1113	34-35	-1.1921556970024128
1113	36-37	-1.1068095633899446
1113	38-39	-1.321102295380129
1113	40-41	-1.3453677912396174
1113	42-43	-1.2013374026668657
1113	44-45	-1.2869311155885441
1113	46-47	-1.6513858750188177
1113	48-49	-1.614278494176304
1113	50-51	-1.6455616559968576
1113	52-53	-1.5916061090798408
1113	54-55	-1.6273125123018275
1113	56-57	-1.665163521505015
1113	58-59	-1.7150918026267945
1113	60-61	-1.8496858616892737
1113	62-63	-1.9466334990140055
1113	64-65	-1.8301121094777102
1113	66-67	-1.9018112152411533
1113	68-69	-1.8388863671687332
1113	70-71	-1.9256998951058577
1113	72-73	-1.831095027687418
1113	74-75	-1.7324987656475948
1113	76-77	-1.5026516711463103
1113	78-79	-1.8488504334283604
1113	80-81	-1.818155965862811
1113	82-83	-1.882120991868593
1113	84-85	-1.880694462394171
1113	86-87	-1.597081378097517
1113	88-89	-1.770615252107838
1113	90	-1.9662658061324976
1114	1	-1.2338236391949096
1114	2	-1.1269939668253173
1114	3	-0.9735528752642644
1114	4	-0.7086658478037648
1114	5	-0.7407280501578768
1114	6	-0.740776965086198
1114	7	-0.957466105316449
1114	8	-0.9567255948036859
1114	9	-1.1176780846979
1114	10-11	-0.9483396606894061
1114	12-13	-1.025403364927648
1114	14-15	-1.1055725652482735
1114	16-17	-1.1556149418852542
1114	18-19	-0.9572824249679215
1114	20-21	-0.8886767148154604
1114	22-23	-0.8808976543135145
1114	24-25	-0.8765964816706102
1114	26-27	-1.1209020145018869
1114	28-29	-0.8795591717134172
1114	30-31	-1.0575462092178967
1114	32-33	-1.0638127767685575
1114	34-35	-1.0638635314466214
1114	36-37	-1.1104473070539242
1114	38-39	-1.0344735292070695
1114	40-41	-1.0447653543484634
1114	42-43	-0.994295651804805
1114	44-45	-1.4639922690905678
1114	46-47	-1.0918082091664587
1114	48-49	-1.1420911229826913
1114	50-51	-1.0012957392975181
1114	52-53	-0.9357405804333041
1114	54-55	-0.752008906225683
1114	56-57	-0.9472349292519979
1114	58-59	-1.1060989805982615
1114	60-61	-0.9605236938212514
1114	62-63	-1.066080875636338
1114	64-65	-1.2785191828960976
1114	66-67	-0.9990893163962653
1114	68-69	-0.8879780622356392
1114	70-71	-1.0678388099654654
1114	72-73	-1.0201787807410767
1114	74-75	-1.021465901797832
1114	76-77	-1.0811501782488833
1114	78-79	-1.2897580849046726
1114	80-81	-1.1478246632721074
1114	82-83	-1.0607200307844558
1114	84-85	-1.1949559054278218
1114	86-87	-1.2676539570401246
1114	88-89	-1.2885780251773795
1114	90	-1.4277219089162223
1115	1	-1.2747958333916074
1115	2	-1.0255330523412773
1115	3	-1.1043269178002824
1115	4	-1.1304141023741678
1115	5	-1.396349745948669
1115	6	-1.2611086976016352
1115	7	-1.22529773694
1115	8	-1.202572884847676
1115	9	-1.4109001679135247
1115	10-11	-1.0525821644223967
1115	12-13	-1.1190421316252568
1115	14-15	-1.3946338671571468
1115	16-17	-1.2554918537864594
1115	18-19	-1.0845948669550936
1115	20-21	-1.0612341222976056
1115	22-23	-1.2640144064019694
1115	24-25	-1.1002899317694883
1115	26-27	-1.1162569521506995
1115	28-29	-1.1539195171672318
1115	30-31	-1.126885165592249
1115	32-33	-1.1725429515133001
1115	34-35	-1.303861110041403
1115	36-37	-0.9561977408890243
1115	38-39	-1.0488607119021012
1115	40-41	-1.2997403331611608
1115	42-43	-1.1844657555216713
1115	44-45	-1.6102935726137133
1115	46-47	-1.3135786599513963
1115	48-49	-1.440889500641191
1115	50-51	-1.3668815175775109
1115	52-53	-1.3515271335629677
1115	54-55	-1.3446498521879917
1115	56-57	-1.2750750357938259
1115	58-59	-1.4145658275250952
1115	60-61	-1.6832536264254756
1115	62-63	-1.5053510237456251
1115	64-65	-1.6792415687873756
1115	66-67	-1.4179409649696524
1115	68-69	-1.412987142505223
1115	70-71	-1.609111661977252
1115	72-73	-1.383802211872272
1115	74-75	-1.8627518697545682
1115	76-77	-1.937377225345216
1115	78-79	-1.6697128853405232
1115	80-81	-1.5569906909568374
1115	82-83	-1.6989641084308538
1115	84-85	-1.925399022583477
1115	86-87	-1.8515465677185183
1115	88-89	-2.112643766329157
1115	90	-2.2407591581998894
1116	1	-1.5038562643242166
1116	2	-1.4926202101610393
1116	3	-1.4205350508033732
1116	4	-1.2518344640208383
1116	5	-0.9472073212647487
1116	6	-1.0899275181219252
1116	7	-1.3708245042979073
1116	8	-1.1347155685444363
1116	9	-1.1742150465821979
1116	10-11	-1.2461295071125775
1116	12-13	-1.2048077573840814
1116	14-15	-1.2918401708820753
1116	16-17	-1.470754792287103
1116	18-19	-1.2691030663302243
1116	20-21	-1.360062089208725
1116	22-23	-1.1259342581171197
1116	24-25	-1.5398822698459966
1116	26-27	-1.5355107118839157
1116	28-29	-1.4082205467432587
1116	30-31	-1.263737026437603
1116	32-33	-1.4028296463476124
1116	34-35	-1.439103246573545
1116	36-37	-1.3456953773968863
1116	38-39	-1.4751614419945298
1116	40-41	-1.3316586065168323
1116	42-43	-1.231816539844914
1116	44-45	-1.0791331141609959
1116	46-47	-1.1112987399216152
1116	48-49	-1.0787227773154768
1116	50-51	-1.5390026303614093
1116	52-53	-1.3267408191537626
1116	54-55	-1.2694673290791911
1116	56-57	-1.3535043252892365
1116	58-59	-1.4397406611902923
1116	60-61	-1.7243456083593358
1116	62-63	-1.5953559611778374
1116	64-65	-1.3469523809545052
1116	66-67	-1.4522692718351138
1116	68-69	-2.0339188197752307
1116	70-71	-1.8164989913930114
1116	72-73	-1.7603057004514255
1116	74-75	-1.6361004605628473
1116	76-77	-1.7617402156484232
1116	78-79	-1.6876414301740255
1116	80-81	-1.9917154088756703
1116	82-83	-1.8698053335615725
1116	84-85	-1.6361869072580113
1116	86-87	-1.547858063032006
1116	88-89	-1.5238529515719037
1116	90	-1.6247558072213053
1201	1	-0.004907524546592157
1201	2	0.004087346013662341
1201	3	-0.1162919581634867
1201	4	0.09471379075819897
1201	5	0.08352752897904026
1201	6	-0.0014507490380069044
1201	7	0.019808960604187575
1201	8	0.06123804701679347
1201	9	0.29594980133978765
1201	10-11	0.11005744952132801
1201	12-13	0.15878961640019185
1201	14-15	0.3099482613858058
1201	16-17	0.14628175029216095
1201	18-19	0.2894772809081232
1201	20-21	0.40107610958909845
1201	22-23	0.3122122991668874
1201	24-25	0.25115396315970884
1201	26-27	0.3885905573676922
1201	28-29	0.270943540143719
1201	30-31	0.2987291139540105
1201	32-33	0.2156628593923955
1201	34-35	0.26928329471582657
1201	36-37	0.19990384092986346
1201	38-39	0.24111761277418964
1201	40-41	0.013162808234348233
1201	42-43	0.19236051043499458
1201	44-45	0.08886536376898846
1201	46-47	-0.02758650144677688
1201	48-49	0.013033536695310488
1201	50-51	0.024264854095420674
1201	52-53	0.05787208490423268
1201	54-55	-0.16590529827661982
1201	56-57	0.06162898482607915
1201	58-59	0.05157193071436694
1201	60-61	0.10480848188136349
1201	62-63	0.07469666632777461
1201	64-65	-0.018920494877576743
1201	66-67	0.07140181915371357
1201	68-69	-0.07293315045138371
1201	70-71	-0.39316198187362517
1201	72-73	-0.08260080144980009
1201	74-75	0.026253136939921262
1201	76-77	-0.09120387945153396
1201	78-79	-0.2630645140426644
1201	80-81	-0.3418173101733011
1201	82-83	-0.3304056482946933
1201	84-85	-0.3523015010716968
1201	86-87	-0.15816299299098802
1201	88-89	0.0784643355317769
1201	90	0.07988844115988059
1202	1	0.28608063493472
1202	2	0.2635706328942149
1202	3	0.3131156205591594
1202	4	0.18363035364736646
1202	5	0.2940594627986499
1202	6	0.22951448055735568
1202	7	0.2926192553322906
1202	8	0.24198484968140832
1202	9	0.4574453833833161
1202	10-11	0.44545644930389017
1202	12-13	0.5634052443034889
1202	14-15	0.9058871018451953
1202	16-17	0.7588704553466243
1202	18-19	0.6579605480215278
1202	20-21	0.7951657338157148
1202	22-23	0.7718003519056253
1202	24-25	0.8324166882580428
1202	26-27	0.7859664691271604
1202	28-29	0.7915675888499649
1202	30-31	0.7970983246519907
1202	32-33	0.7998906559489569
1202	34-35	0.7189393464266729
1202	36-37	0.7025427545276841
1202	38-39	0.5893939178998124
1202	40-41	0.7596017574130158
1202	42-43	0.76905109534475
1202	44-45	0.8768192667913866
1202	46-47	0.71855396387177
1202	48-49	0.6802764155820284
1202	50-51	0.6270302774087781
1202	52-53	0.5393828876479105
1202	54-55	0.7372554678978389
1202	56-57	0.6212654670653066
1202	58-59	0.6274065983298485
1202	60-61	0.524858295081863
1202	62-63	0.6983816571360535
1202	64-65	0.7602528431998721
1202	66-67	0.6449049522458878
1202	68-69	0.5634700201983591
1202	70-71	0.7092723417935787
1202	72-73	0.45617936815229143
1202	74-75	0.49131075816193714
1202	76-77	0.521207909672583
1202	78-79	0.574041378542681
1202	80-81	0.47532179121238016
1202	82-83	0.5869706588076404
1202	84-85	0.5878317294724908
1202	86-87	0.3677813822684577
1202	88-89	0.3345684293071045
1202	90	0.47833869714438393
1203	1	-0.2572103855572081
1203	2	-0.10726770859875501
1203	3	-0.08309674495342989
1203	4	-0.25711114713927685
1203	5	-0.07445509262336003
1203	6	-0.03952483227428161
1203	7	-0.04469519846072245
1203	8	-0.04966691465658357
1203	9	0.04764795733306926
1203	10-11	0.12464595806451229
1203	12-13	0.07103523658359734
1203	14-15	0.2515194980419295
1203	16-17	0.24775966996946863
1203	18-19	0.008864948361598124
1203	20-21	0.017486979161787986
1203	22-23	0.05449801541593047
1203	24-25	0.034736565521491514
1203	26-27	0.0746739242003045
1203	28-29	0.11504388681836275
1203	30-31	0.22265997143259852
1203	32-33	0.13269630026701407
1203	34-35	0.02090156780199237
1203	36-37	0.08149675763519326
1203	38-39	0.15715895947975156
1203	40-41	0.11326382145882974
1203	42-43	0.0376848693961378
1203	44-45	-0.07696983349884334
1203	46-47	0.00883666837569308
1203	48-49	0.10967553414593567
1203	50-51	0.177267248864716
1203	52-53	0.04305423511158324
1203	54-55	0.0946572835389361
1203	56-57	-0.10698837089508118
1203	58-59	-0.2513646680260635
1203	60-61	-0.057596045160288156
1203	62-63	-0.29543949537583813
1203	64-65	-0.3481256857204187
1203	66-67	-0.4203564981171368
1203	68-69	-0.50344876455339
1203	70-71	-0.3689780759602286
1203	72-73	-0.24286395120705606
1203	74-75	-0.24830012004940016
1203	76-77	-0.39033186732994807
1203	78-79	-0.4767701876187722
1203	80-81	-0.4248912387974926
1203	82-83	-0.31974858132018014
1203	84-85	-0.25388404158865185
1203	86-87	-0.33038538700440867
1203	88-89	-0.5342676255334666
1203	90	-0.44389948604188234
1204	1	-0.3102063752351576
1204	2	-0.17578104940757555
1204	3	-0.35610713065925026
1204	4	-0.1578144632855185
1204	5	-0.18647316437172634
1204	6	-0.06158241965017197
1204	7	-0.0667707400663815
1204	8	-0.22828212123631886
1204	9	-0.15420818358478527
1204	10-11	-0.03398782298202718
1204	12-13	-0.09000114684693017
1204	14-15	0.028026061945105596
1204	16-17	0.11683497817014654
1204	18-19	-0.04566041525236386
1204	20-21	-0.08513776601056122
1204	22-23	0.016253873799499274
1204	24-25	-0.021547496508738107
1204	26-27	-0.05739494169628756
1204	28-29	-0.10807087825055106
1204	30-31	-0.02668021062329018
1204	32-33	-0.08455967318683832
1204	34-35	0.03988571748150349
1204	36-37	-0.1282739342065753
1204	38-39	-0.10217438364679765
1204	40-41	-0.1497746218115168
1204	42-43	-0.1443669399821772
1204	44-45	-0.395745550892741
1204	46-47	-0.2490113702879242
1204	48-49	-0.3262931536773479
1204	50-51	-0.2806774161991257
1204	52-53	-0.3437818868400697
1204	54-55	-0.27066069403133497
1204	56-57	-0.5119974377811118
1204	58-59	-0.5655449186997572
1204	60-61	-0.5587083913047834
1204	62-63	-0.5369377595282643
1204	64-65	-0.5206291092655917
1204	66-67	-0.527741562483051
1204	68-69	-0.5339701390639249
1204	70-71	-0.6810536012438604
1204	72-73	-0.5326027824519883
1204	74-75	-0.706829929783531
1204	76-77	-0.6024757819069855
1204	78-79	-0.6161145970796724
1204	80-81	-0.7791738938689932
1204	82-83	-0.8875633393706117
1204	84-85	-0.8086534195072339
1204	86-87	-0.6752738993985403
1204	88-89	-1.0237595045088987
1204	90	-0.8503538684245378
1205	1	-0.2436451947911138
1205	2	-0.3150729457493675
1205	3	-0.26062175317821357
1205	4	-0.19140572138870482
1205	5	-0.2134441447049582
1205	6	-0.16601221496933505
1205	7	-0.23465347194044028
1205	8	-0.20837590067934286
1205	9	-0.18800916207123208
1205	10-11	-0.11983936599192901
1205	12-13	-0.16054857965033165
1205	14-15	-0.03264103668293927
1205	16-17	0.03159772807389061
1205	18-19	-0.09261665255566953
1205	20-21	-0.10303051438053501
1205	22-23	-0.08166285155758146
1205	24-25	0.055360411201768045
1205	26-27	-0.1327925496318585
1205	28-29	-0.135849438567071
1205	30-31	-0.2292364516827874
1205	32-33	-0.24087413481583297
1205	34-35	-0.26814579065845834
1205	36-37	-0.11455681257187678
1205	38-39	-0.1117604832545922
1205	40-41	-0.02640112858986754
1205	42-43	-0.26507588878223487
1205	44-45	-0.2860234460513311
1205	46-47	-0.10972886441106056
1205	48-49	-0.24764566234004803
1205	50-51	-0.013445913067407389
1205	52-53	-0.11112216285713572
1205	54-55	-0.18518320454082726
1205	56-57	-0.16682977102993135
1205	58-59	-0.23774491682166143
1205	60-61	-0.17759480737124278
1205	62-63	-0.1659040571496604
1205	64-65	-0.14119015824313408
1205	66-67	-0.09124223390129771
1205	68-69	-0.2871793304509893
1205	70-71	-0.2980869655657301
1205	72-73	-0.4315551195821996
1205	74-75	-0.40890569205452465
1205	76-77	-0.5153721769075048
1205	78-79	-0.4118172073159059
1205	80-81	-0.49293217704159176
1205	82-83	-0.25942183758485626
1205	84-85	-0.23835874671798507
1205	86-87	-0.5218290073419354
1205	88-89	-0.5320982373595626
1205	90	-0.7141576953520072
1206	1	-0.43656005770597517
1206	2	-0.6317323974088183
1206	3	-0.46257702013348023
1206	4	-0.37411856410155053
1206	5	-0.32206607832689116
1206	6	-0.3864811904383103
1206	7	-0.4035928658798298
1206	8	-0.4504177477211897
1206	9	-0.3150221490842142
1206	10-11	-0.4139483126008727
1206	12-13	-0.32589129249304705
1206	14-15	-0.3496973137392203
1206	16-17	-0.26289361391744137
1206	18-19	-0.2234896684286909
1206	20-21	-0.24289703674705265
1206	22-23	-0.30293990783464153
1206	24-25	-0.4487846104432478
1206	26-27	-0.14942314126244582
1206	28-29	-0.44807526829289657
1206	30-31	-0.27778262772896056
1206	32-33	-0.2818409457826476
1206	34-35	-0.2615043765170455
1206	36-37	-0.2576304056454717
1206	38-39	-0.30273811673222184
1206	40-41	-0.5138398010285385
1206	42-43	-0.6054727141790579
1206	44-45	-0.5005616855895738
1206	46-47	-0.464303178985368
1206	48-49	-0.3637712034655891
1206	50-51	-0.4930563026778003
1206	52-53	-0.3702275019624821
1206	54-55	-0.3913700732276908
1206	56-57	-0.3817973034974713
1206	58-59	-0.45444405102079344
1206	60-61	-0.49720880448523985
1206	62-63	-0.4409148796604825
1206	64-65	-0.3970956416486118
1206	66-67	-0.34409937675844304
1206	68-69	-0.4103070360786987
1206	70-71	-0.398206013184776
1206	72-73	-0.37024920327628763
1206	74-75	-0.3529749561237807
1206	76-77	-0.49656265309798187
1206	78-79	-0.3822681452668455
1206	80-81	-0.6419292910387071
1206	82-83	-0.715951419114436
1206	84-85	-0.5906098289690682
1206	86-87	-0.6536147216276476
1206	88-89	-0.5630397958011208
1206	90	-0.6312933374876515
1207	1	-0.5036188812353863
1207	2	-0.4460041060922926
1207	3	-0.5359803814780157
1207	4	-0.43257794785505155
1207	5	-0.30532938364902407
1207	6	-0.37257362741310374
1207	7	-0.3785928658798312
1207	8	-0.354437355564329
1207	9	-0.3185795720534017
1207	10-11	-0.39207856470171265
1207	12-13	-0.34853134851545065
1207	14-15	-0.41228835015377996
1207	16-17	-0.39932918814713503
1207	18-19	-0.42046445834466084
1207	20-21	-0.35298807316161884
1207	22-23	-0.4264553139970957
1207	24-25	-0.3682453947569755
1207	26-27	-0.4646192196938159
1207	28-29	-0.34827834952539405
1207	30-31	-0.4381957929950673
1207	32-33	-0.5021210578274591
1207	34-35	-0.5154189423433806
1207	36-37	-0.5154035148891722
1207	38-39	-0.28200282261457943
1207	40-41	-0.47334960495010847
1207	42-43	-0.5890721539549659
1207	44-45	-0.6099454390909642
1207	46-47	-0.8325664843074989
1207	48-49	-0.658519102625263
1207	50-51	-0.3106193278878777
1207	52-53	-0.45127792213054363
1207	54-55	-0.6224975242080859
1207	56-57	-0.5893533259064299
1207	58-59	-0.48188802861183433
1207	60-61	-0.5108432582667533
1207	62-63	-0.569297232601663
1207	64-65	-0.6876208517326461
1207	66-67	-0.945583970595969
1207	68-69	-1.0029610977033485
1207	70-71	-0.915383884333238
1207	72-73	-0.7407393993547089
1207	74-75	-0.9058180933786915
1207	76-77	-0.7706242777478387
1207	78-79	-1.0206364926057816
1207	80-81	-0.7417332126073326
1207	82-83	-0.6613295703749422
1207	84-85	-0.7085650110418946
1207	86-87	-0.7476693434763853
1207	88-89	-0.8191812523837498
1207	90	-0.9158171470114596
1208	1	-0.7914936478915173
1208	2	-0.8340547131342575
1208	3	-0.7223453462005978
1208	4	-0.6549742875122746
1208	5	-0.6669383281494632
1208	6	-0.7344549306796182
1208	7	-0.6143984017208552
1208	8	-0.6947262745385885
1208	9	-0.4144523427372633
1208	10-11	-0.45585822844797264
1208	12-13	-0.5187324665780082
1208	14-15	-0.8332702631460975
1208	16-17	-0.8033470763528143
1208	18-19	-0.6068420966959494
1208	20-21	-0.6296807232521786
1208	22-23	-0.6029860398431524
1208	24-25	-0.5008582695733352
1208	26-27	-0.6790008559537171
1208	28-29	-0.6687588838256957
1208	30-31	-0.7341125983261421
1208	32-33	-0.5985052467052867
1208	34-35	-0.5440327654453583
1208	36-37	-0.5938972615716622
1208	38-39	-0.6512504861938453
1208	40-41	-0.4533262655930699
1208	42-43	-0.7845059697807955
1208	44-45	-0.5206696649062081
1208	46-47	-0.4092469080738823
1208	48-49	-0.8525195558938634
1208	50-51	-0.7609342302860256
1208	52-53	-0.6430187419503142
1208	54-55	-0.535442617078445
1208	56-57	-0.5293946369659892
1208	58-59	-0.6858191397361963
1208	60-61	-0.7636269835382663
1208	62-63	-0.6521328153798365
1208	64-65	-0.809022286685618
1208	66-67	-0.7924234160973853
1208	68-69	-0.6927462026608779
1208	70-71	-0.8096115186090884
1208	72-73	-0.6635813537376052
1208	74-75	-0.6463856830831318
1208	76-77	-0.6958362007001284
1208	78-79	-0.8390716026327567
1208	80-81	-0.8502629623354707
1208	82-83	-0.9308074466922527
1208	84-85	-0.8732053881295663
1208	86-87	-0.8907836864456549
1208	88-89	-0.9380000006069622
1208	90	-0.9937261672554705
1209	1	-0.8944035130441073
1209	2	-0.7304351247737166
1209	3	-0.7521537209344515
1209	4	-0.684072939038181
1209	5	-0.5313811954312229
1209	6	-0.39236834444825064
1209	7	-0.46535652805158634
1209	8	-0.7032429530339783
1209	9	-0.5805275733973048
1209	10-11	-0.6879377174472623
1209	12-13	-0.6049638363437992
1209	14-15	-0.5067975874895936
1209	16-17	-0.48397163277580546
1209	18-19	-0.3974737503510255
1209	20-21	-0.5267708580995816
1209	22-23	-0.6437951243002118
1209	24-25	-0.7013550758188956
1209	26-27	-0.6254167537535764
1209	28-29	-0.8603841499718996
1209	30-31	-0.7422744152175582
1209	32-33	-0.7007053886499222
1209	34-35	-0.7651115447214423
1209	36-37	-0.6911293410606589
1209	38-39	-0.7467082576629736
1209	40-41	-0.6786633841168523
1209	42-43	-0.6581752387658923
1209	44-45	-0.6150628515634082
1209	46-47	-0.6611986468957483
1209	48-49	-0.7499645523452472
1209	50-51	-0.7187056994130643
1209	52-53	-0.7679300265493154
1209	54-55	-0.6191899556164202
1209	56-57	-0.6088836362562589
1209	58-59	-0.6542364569824741
1209	60-61	-0.6607171183856693
1209	62-63	-0.7500746180767877
1209	64-65	-0.6897887877502029
1209	66-67	-0.87900964746715
1209	68-69	-1.0468980834273722
1209	70-71	-0.843323370986667
1209	72-73	-0.8207850442982902
1209	74-75	-0.8028796504358624
1209	76-77	-0.6933521694723055
1209	78-79	-0.5647635827605058
1209	80-81	-0.6384105847627239
1209	82-83	-0.6309493913338464
1209	84-85	-0.8625595400103307
1209	86-87	-0.9649497616763156
1209	88-89	-0.9937132724309485
1209	90	-1.0299220508608649
1210	1	-0.8533775966027228
1210	2	-0.812701280011364
1210	3	-0.8599674020288113
1210	4	-0.6288851836206462
1210	5	-0.6732329807314201
1210	6	-0.7588786444694335
1210	7	-0.7481119606464475
1210	8	-0.8708350037325019
1210	9	-0.7011890514887398
1210	10-11	-0.7499702362218059
1210	12-13	-0.6909301892398574
1210	14-15	-0.6459773703163094
1210	16-17	-0.7403794696458732
1210	18-19	-0.8938503473537267
1210	20-21	-0.8877732743708151
1210	22-23	-0.706893231738448
1210	24-25	-0.7809946528760676
1210	26-27	-0.7198262530021964
1210	28-29	-0.9217280264258534
1210	30-31	-0.7892996008548536
1210	32-33	-0.7417277916100815
1210	34-35	-0.7857582661917277
1210	36-37	-0.6050844367628727
1210	38-39	-0.829042925784556
1210	40-41	-0.9127719085250092
1210	42-43	-0.9150837467108772
1210	44-45	-0.99444428813554
1210	46-47	-0.9207671110928644
1210	48-49	-0.9797188696607861
1210	50-51	-0.7598455530314041
1210	52-53	-0.8802133576909057
1210	54-55	-0.9548601722375949
1210	56-57	-0.9086325227336758
1210	58-59	-1.0087898784606821
1210	60-61	-0.8348926800156491
1210	62-63	-1.0195322771145143
1210	64-65	-0.7830114832327695
1210	66-67	-0.8624586412563175
1210	68-69	-0.5833303741267883
1210	70-71	-0.7863000725907199
1210	72-73	-0.898558962823671
1210	74-75	-0.7581941923331215
1210	76-77	-0.7118596828009487
1210	78-79	-0.6740255710094161
1210	80-81	-0.5072121764701052
1210	82-83	-0.6259584912502199
1210	84-85	-0.5490398148247948
1210	86-87	-0.7219704500576363
1210	88-89	-0.5629584662395928
1210	90	-0.547948217261343
1211	1	-0.9188477699936897
1211	2	-0.8708283015047229
1211	3	-0.6852193777758373
1211	4	-0.43291976290274903
1211	5	-0.6841290153898285
1211	6	-0.5890336379907595
1211	7	-0.6551662924532593
1211	8	-0.5591140514174953
1211	9	-0.43436280842487207
1211	10-11	-0.4041606003131548
1211	12-13	-0.6491155682173186
1211	14-15	-0.44201499605690486
1211	16-17	-0.6048491583729927
1211	18-19	-0.8108872708262922
1211	20-21	-0.830142291492308
1211	22-23	-0.7424853623800871
1211	24-25	-0.7496512438098861
1211	26-27	-0.7765210433603471
1211	28-29	-0.7381526908703151
1211	30-31	-0.801486423932765
1211	32-33	-0.9378549317966289
1211	34-35	-0.7550533275659959
1211	36-37	-0.7397982378133037
1211	38-39	-0.665218136712241
1211	40-41	-0.5303582825470201
1211	42-43	-0.7356775093838479
1211	44-45	-0.45972751975540405
1211	46-47	-0.709468014150211
1211	48-49	-0.4874225521169393
1211	50-51	-0.5404688900903807
1211	52-53	-0.6146630663980446
1211	54-55	-0.6428810622386862
1211	56-57	-0.6075890117891802
1211	58-59	-0.6534125824893309
1211	60-61	-0.7018316816081125
1211	62-63	-0.5380152792608826
1211	64-65	-0.6405796576326281
1211	66-67	-0.6606228532819145
1211	68-69	-0.6544953477670106
1211	70-71	-0.7174842349629955
1211	72-73	-0.8963680843951636
1211	74-75	-0.9280698612186882
1211	76-77	-0.8465077080430348
1211	78-79	-0.9000678455665465
1211	80-81	-0.8844517685611848
1211	82-83	-0.8583340364970553
1211	84-85	-0.7967337050929437
1211	86-87	-0.728372463885389
1211	88-89	-0.8640163192776456
1211	90	-1.1060435872378989
1212	1	-1.1264515586101354
1212	2	-0.9737848386384762
1212	3	-1.0498796120563227
1212	4	-0.7641768321345026
1212	5	-0.8924950516039658
1212	6	-0.8397934267252296
1212	7	-0.8086209952750494
1212	8	-0.7791469018300887
1212	9	-0.6971238167555001
1212	10-11	-0.8830547019920729
1212	12-13	-0.8959952707932217
1212	14-15	-0.9119175267189235
1212	16-17	-0.910805508633139
1212	18-19	-1.0038583644302932
1212	20-21	-0.8494778082961858
1212	22-23	-0.8264068557952555
1212	24-25	-0.7471264830572792
1212	26-27	-0.7497395969586478
1212	28-29	-0.7441567430769069
1212	30-31	-0.6980292622477506
1212	32-33	-0.684400720747476
1212	34-35	-0.6883925621710532
1212	36-37	-0.8201479865174832
1212	38-39	-0.761261825793909
1212	40-41	-0.7194345368131465
1212	42-43	-0.7410152096582578
1212	44-45	-0.7600402871567766
1212	46-47	-0.6635035004641807
1212	48-49	-0.8828539842572383
1212	50-51	-0.723731408163033
1212	52-53	-0.6869162702968126
1212	54-55	-0.6608622371818882
1212	56-57	-0.7685157081589082
1212	58-59	-0.7056290017943567
1212	60-61	-0.754978042982323
1212	62-63	-0.9702814659574486
1212	64-65	-0.7029560997559088
1212	66-67	-0.7022528828866257
1212	68-69	-0.9375026358375891
1212	70-71	-0.9354186915050491
1212	72-73	-0.8724925225449169
1212	74-75	-1.130881325422557
1212	76-77	-0.8630715942271721
1212	78-79	-0.8277669397213359
1212	80-81	-0.9335316619448761
1212	82-83	-0.8595369123834757
1212	84-85	-1.0143008074701712
1212	86-87	-1.1269123909063303
1212	88-89	-1.1913033079570354
1212	90	-1.139395607931693
1213	1	-1.129116448683419
1213	2	-1.2303915452784935
1213	3	-1.5050206291560357
1213	4	-1.6594318473095697
1213	5	-1.497943271309353
1213	6	-1.9046390851751553
1213	7	-1.3742069009675504
1213	8	-0.5403801537362298
1213	9	-1.6474532267784525
1213	10-11	-1.7544182374128994
1213	12-13	-1.520634400262466
1213	14-15	-1.6054366621101437
1213	16-17	-1.2759324610352394
1213	18-19	-1.5113718739424726
1213	20-21	-1.6498331269726236
1213	22-23	-1.6160100832732311
1213	24-25	-2.0646555377615456
1213	26-27	-1.8823178781045513
1213	28-29	-1.9373797795710956
1213	30-31	-1.5287162116888666
1213	32-33	-1.6044725247300136
1213	34-35	-2.2575131484468685
1213	36-37	-1.8611391775752963
1213	38-39	-1.7502506480605433
1213	40-41	-1.7520979463919488
1213	42-43	-1.205760934730435
1213	44-45	-1.4146594299504684
1213	46-47	-1.4531252341232133
1213	48-49	-1.074485489179878
1213	50-51	-2.104810688642715
1213	52-53	-1.4690244944436799
1213	54-55	-1.648481602049749
1213	56-57	-1.3033073285601233
1213	58-59	-0.709663349266414
1213	60-61	-0.43598699997395585
1213	62-63	-0.6676128746479506
1213	64-65	-0.6014126842551235
1213	66-67	-1.0668061436757341
1213	68-69	-0.6788972616426108
1213	70-71	-0.8513451109291452
1213	72-73	-1.2433193787148795
1213	74-75	-1.065832098980927
1213	76-77	-1.917627816005247
1213	78-79	-1.6386152630613289
1213	80-81	-1.5530445792592573
1213	82-83	-1.8616281108437605
1213	84-85	-1.9947952926282149
1213	86-87	-2.2705758745098557
1213	88-89	-2.6481839060768095
1213	90	-2.5593008562846435
>>END_MODULE
>>Per sequence quality scores	pass
#Quality	Count
10	10.0
11	84.0
12	197.0
13	422.0
14	647.0
15	837.0
16	1056.0
17	1221.0
18	1463.0
19	1691.0
20	2044.0
21	2450.0
22	2694.0
23	3160.0
24	3726.0
25	4357.0
26	5161.0
27	6204.0
28	7313.0
29	8889.0
30	10502.0
31	12780.0
32	15623.0
33	19495.0
34	24997.0
35	31924.0
36	44054.0
37	61458.0
38	72157.0
39	40813.0
40	928.0
41	0.0
42	0.0
43	0.0
44	0.0
45	0.0
46	0.0
47	0.0
48	0.0
49	93.0
>>END_MODULE
>>Per base sequence content	pass
#Base	G	A	T	C
1	18.812895652106754	26.357413352349518	27.39463650850451	27.435054487039217
2	23.132192045308276	29.063199897026642	25.25524520530313	22.549362852361952
3	20.904236969606472	26.831308986247482	28.666865754637804	23.597588289508238
4	21.4055863045437	26.401596087012486	28.202085210451795	23.99073239799202
5	21.56931394001802	27.1692624533402	29.203243660702793	22.05817994593899
6	22.172480370704083	26.579997425666107	28.170678336980302	23.076843866649504
7	21.96146677513361	26.279463706480215	29.418397503887306	22.34067201449887
8	20.939997116731195	26.118296400032953	30.05833470631848	22.883371776917375
9	21.26528510747844	25.553353069893163	30.073368515896508	23.107993306731885
10-11	21.867293087913502	25.857639335821858	28.94735487192689	23.327712704337753
12-13	21.700274682133305	26.219143310962313	28.84213886507624	23.238443141828142
14-15	21.694941433903978	26.497876174539837	28.80190500707942	23.005277384476766
16-17	21.683597289727324	26.232339978581432	28.96925714638768	23.114805585303564
18-19	21.65828505378434	26.203663539276018	28.898608442023992	23.239442964915646
20-21	21.930649930042385	26.342549031469986	28.5769450082958	23.149856030191827
22-23	21.940896768862032	26.114525060562922	28.618264386428756	23.326313784146286
24-25	21.629810786459004	26.1925601750547	28.647959840391295	23.529669198094993
26-27	21.88943235937701	26.292058179945936	28.473548719268887	23.344960741408162
28-29	21.950701505985325	26.29694941433904	28.299523748230143	23.45282533144549
30-31	21.764705882352942	26.28600849530184	28.349337109023043	23.59994851332218
32-33	21.683356931394002	26.40146737031793	28.32951473806153	23.585660960226544
34-35	21.669841678465698	26.41189342257691	28.34444587462994	23.573819024327456
36-37	21.739219976830995	26.487321405586307	28.32397992019565	23.449478697387054
38-39	21.794439438795212	26.393229501866394	28.270819925344316	23.541511133994078
40-41	21.85197580126142	26.400695070150597	28.210837945681554	23.53649118290642
42-43	21.59917621315485	26.369416913373666	28.450250997554384	23.581155875917105
44-45	21.512936027802805	26.46724160123568	28.55464023683872	23.465182134122795
46-47	21.707639494038464	26.717570025370158	28.414963630957512	23.159826849633863
48-49	21.748745012228085	26.590809628008756	28.444458746299397	23.215986613463766
50-51	21.71330228582756	26.756076274917167	28.330849017987475	23.1997724212678
52-53	21.57150212382546	26.68528768181233	28.63676148796499	23.10644870639722
54-55	21.452696614750934	26.745784528253314	28.67872313039001	23.12279572660574
56-57	21.570472390269018	26.833054447161796	28.544857768052516	23.05161539451667
58-59	21.457072982365812	26.897670227828552	28.715278671643713	22.929978118161927
60-61	21.4896383060883	26.95147380615266	28.510876560689923	23.04801132706912
62-63	21.510490410606256	26.709872570472392	28.771914017248037	23.007723001673316
64-65	21.50791607671515	26.861500836658514	28.774874501222808	22.855708585403526
66-67	21.36877332990089	26.838717981722233	28.728922641266575	23.06358604711031
68-69	21.537934789464266	26.733719569725277	28.797694423599463	22.93065121721099
70-71	21.613463766250483	26.80203372377397	28.767022782854934	22.817479727120606
72-73	21.414531988317567	26.823256227048	28.77912402351418	22.98308776112026
74-75	21.460033466340583	26.87694684000515	28.896254344188442	22.766765349465825
76-77	21.443429012742953	26.94671128845411	28.80267730724675	22.807182391556186
78-79	21.58656197708843	26.875788389754153	28.702664435577297	22.834985197580128
80-81	21.637662504826878	26.88647187540224	28.67743596344446	22.798429656326423
82-83	21.50765864332604	26.898056377912216	28.743210194362206	22.851074784399536
84-85	21.556828420646156	26.797786072853647	28.823915561848374	22.82146994465182
86-87	21.535075299266314	26.980692495816704	28.744368644613203	22.73986356030377
88-89	21.727764191015574	26.994336465439567	28.684901531728663	22.592997811816193
90	21.60612691466083	26.898957394774104	28.733685158965116	22.76123053159995
>>END_MODULE
>>Per sequence GC content	warn
#GC Content	Count
0	3.0
1	2.0
2	5.5
3	9.0
4	9.5
5	11.5
6	15.5
7	20.5
8	22.0
9	33.5
10	45.0
11	50.0
12	62.0
13	79.0
14	105.5
15	140.5
16	214.5
17	307.5
18	422.0
19	643.0
20	787.0
21	906.5
22	1199.0
23	1621.0
24	2151.0
25	2735.5
26	3521.0
27	4432.5
28	5321.0
29	6264.5
30	6749.0
31	7279.0
32	8347.5
33	9589.0
34	10961.5
35	12286.5
36	13276.5
37	14019.0
38	14480.0
39	14643.0
40	14753.0
41	14767.5
42	14773.0
43	14525.5
44	14291.5
45	14387.5
46	14237.5
47	13808.5
48	13605.0
49	13226.5
50	12864.0
51	12647.0
52	12103.0
53	11598.0
54	11169.0
55	10621.0
56	10190.5
57	9602.0
58	8889.5
59	7957.0
60	7282.0
61	6768.5
62	5773.5
63	4712.0
64	3655.0
65	2802.0
66	2101.0
67	1514.5
68	1074.0
69	763.5
70	632.0
71	534.5
72	370.0
73	239.0
74	168.5
75	128.5
76	84.5
77	54.0
78	33.0
79	29.5
80	27.0
81	20.5
82	14.5
83	11.0
84	6.0
85	3.0
86	0.5
87	0.0
88	0.5
89	0.5
90	0.0
91	0.0
92	0.0
93	0.0
94	0.0
95	0.0
96	0.0
97	0.0
98	0.0
99	0.0
100	0.0
>>END_MODULE
>>Per base N content	pass
#Base	N-Count
1	0.002316900501995109
2	0.0
3	0.0030892006693268113
4	0.0
5	0.0
6	0.0
7	0.0015446003346634056
8	5.148667782211353E-4
9	0.0
10-11	0.0
12-13	2.5743338911056766E-4
14-15	0.0
16-17	5.148667782211353E-4
18-19	1.2871669455528383E-4
20-21	1.2871669455528383E-4
22-23	0.002831767280216244
24-25	0.0
26-27	0.0
28-29	0.0
30-31	0.0
32-33	0.0
34-35	0.0
36-37	0.0
38-39	0.0
40-41	0.0
42-43	0.0
44-45	0.0
46-47	3.861500836658514E-4
48-49	0.0
50-51	0.0033466340584373793
52-53	0.0
54-55	0.0
56-57	0.0
58-59	0.0
60-61	0.0
62-63	0.0
64-65	0.0
66-67	0.0
68-69	1.2871669455528383E-4
70-71	0.0
72-73	9.010168618869867E-4
74-75	0.0
76-77	0.0
78-79	0.0
80-81	0.0
82-83	0.0
84-85	0.0
86-87	0.0
88-89	0.0
90	0.0
>>END_MODULE
>>Sequence Length Distribution	pass
#Length	Count
90	388450.0
>>END_MODULE
>>Sequence Duplication Levels	pass
#Total Deduplicated Percentage	95.90085833411757
#Duplication Level	Percentage of total
1	92.4222309645954
2	6.139328736877666
3	0.9228878945991019
4	0.23939279411105122
5	0.08427034000777277
6	0.05908527106765999
7	0.028698497361781348
8	0.029403520602471166
9	0.019849406040389594
>10	0.054852574736740226
>50	0.0
>100	0.0
>500	0.0
>1k	0.0
>5k	0.0
>10k+	0.0
>>END_MODULE
>>Overrepresented sequences	pass
>>END_MODULE
>>Adapter Content	pass
#Position	Illumina Universal Adapter	Illumina Small RNA 3' Adapter	Illumina Small RNA 5' Adapter	Nextera Transposase Sequence	PolyA	PolyG
1	0.0	0.0	0.0	0.0	0.04711031020723388	5.148667782211353E-4
2	0.0	0.0	0.0	0.0	0.05946711288454112	5.148667782211353E-4
3	0.0	0.0	0.0	0.0	0.06564551422319474	5.148667782211353E-4
4	0.0	0.0	0.0	0.0	0.07439824945295405	5.148667782211353E-4
5	0.0	0.0	0.0	0.0	0.08340841807182392	5.148667782211353E-4
6	0.0	0.0	0.0	0.0	0.09113141974514094	5.148667782211353E-4
7	0.0	0.0	0.0	0.0	0.0978246878620157	5.148667782211353E-4
8	0.0	0.0	0.0	0.0	0.10631998970266443	5.148667782211353E-4
9	0.0	0.0	0.0	0.0	0.11146865748487579	5.148667782211353E-4
10-11	0.0	0.0	0.0	0.0	0.12575621058051228	5.148667782211353E-4
12-13	0.0	1.2871669455528383E-4	0.0	0.0	0.14725189857124468	6.435834727764191E-4
14-15	0.0	2.5743338911056766E-4	0.0	0.0	0.17132192045308275	7.723001673317029E-4
16-17	0.0	2.5743338911056766E-4	0.0	0.0	0.19513450894581025	7.723001673317029E-4
18-19	0.0	2.5743338911056766E-4	0.0	0.0	0.2172737804093191	0.0010297335564422706
20-21	0.0	2.5743338911056766E-4	0.0	0.0	0.24906680396447417	0.0010297335564422706
22-23	0.0	2.5743338911056766E-4	0.0	2.5743338911056766E-4	0.28343416141073496	0.0012871669455528382
24-25	0.0	2.5743338911056766E-4	0.0	2.5743338911056766E-4	0.31496975157677953	0.0015446003346634059
26-27	0.0	2.5743338911056766E-4	0.0	2.5743338911056766E-4	0.35023812588492725	0.0015446003346634059
28-29	0.0	2.5743338911056766E-4	0.0	2.5743338911056766E-4	0.39747715278671647	0.0015446003346634059
30-31	0.0	2.5743338911056766E-4	0.0	2.5743338911056766E-4	0.44407259621572914	0.0016733170292186897
32-33	0.0	2.5743338911056766E-4	0.0	2.5743338911056766E-4	0.49427210709228986	0.0018020337237739735
34-35	0.0	2.5743338911056766E-4	2.5743338911056766E-4	2.5743338911056766E-4	0.5457587849144034	0.0020594671128845413
36-37	0.0	2.5743338911056766E-4	2.5743338911056766E-4	2.5743338911056766E-4	0.5946711288454112	0.002316900501995109
38-39	0.0	2.5743338911056766E-4	2.5743338911056766E-4	2.5743338911056766E-4	0.6474449736130776	0.002316900501995109
40-41	0.0	2.5743338911056766E-4	2.5743338911056766E-4	2.5743338911056766E-4	0.696614750933196	0.002316900501995109
42-43	0.0	2.5743338911056766E-4	2.5743338911056766E-4	2.5743338911056766E-4	0.7544085467885184	0.0025743338911056765
44-45	0.0	2.5743338911056766E-4	2.5743338911056766E-4	2.5743338911056766E-4	0.8102715922255117	0.0025743338911056765
46-47	0.0	2.5743338911056766E-4	2.5743338911056766E-4	2.5743338911056766E-4	0.8717981722229373	0.002831767280216244
48-49	0.0	2.5743338911056766E-4	2.5743338911056766E-4	2.5743338911056766E-4	0.9235422834341613	0.002960483974771528
50-51	0.0	2.5743338911056766E-4	2.5743338911056766E-4	5.148667782211353E-4	0.9756725447290513	0.0030892006693268117
52-53	0.0	2.5743338911056766E-4	2.5743338911056766E-4	6.435834727764191E-4	1.037713991504698	0.0032179173638820953
54-55	0.0	2.5743338911056766E-4	2.5743338911056766E-4	7.723001673317029E-4	1.1023297721714505	0.0037327841421032305
56-57	0.0	2.5743338911056766E-4	2.5743338911056766E-4	7.723001673317029E-4	1.1593512678594413	0.004891234393100785
58-59	0.0	3.861500836658515E-4	2.5743338911056766E-4	7.723001673317029E-4	1.2087784785686704	0.005534817865877204
60-61	0.0	5.148667782211353E-4	2.5743338911056766E-4	7.723001673317029E-4	1.2542154717466856	0.006821984811430043
62-63	0.0	5.148667782211353E-4	2.5743338911056766E-4	7.723001673317029E-4	1.3019693654266957	0.008624018535204015
64-65	0.0	5.148667782211353E-4	2.5743338911056766E-4	9.010168618869868E-4	1.3520401596087013	0.009653752091646286
66-67	0.0	5.148667782211353E-4	2.5743338911056766E-4	0.0010297335564422706	1.3988930364268246	0.010683485648088558
68-69	0.0	5.148667782211353E-4	2.5743338911056766E-4	0.0010297335564422706	1.4528253314454886	0.01184193589908611
70-71	0.0	5.148667782211353E-4	2.5743338911056766E-4	0.0010297335564422706	1.5086883768824817	0.013386536233749517
72-73	0.0	5.148667782211353E-4	2.5743338911056766E-4	0.0010297335564422706	1.5521946196421677	0.015703436735744626
74-75	0.0	5.148667782211353E-4	2.5743338911056766E-4	0.0011584502509975544	1.6005920967949543	0.018149053932295017
76-77	0.0	5.148667782211353E-4	2.5743338911056766E-4	0.0012871669455528382	1.6536233749517313	0.02020852104517956
78-79	0.0	5.148667782211353E-4	2.5743338911056766E-4	0.0012871669455528382	1.7020208521045181	0.022782854936285235
>>END_MODULE
