##FastQC	0.12.1
>>Basic Statistics	pass
#Measure	Value
Filename	daughter.chr22.2.fq
File type	Conventional base calls
Encoding	Illumina 1.5
Total Sequences	374416
Total Bases	33.6 Mbp
Sequences flagged as poor quality	0
Sequence length	90
%GC	45
>>END_MODULE
>>Per base sequence quality	pass
#Base	Mean	Median	Lower Quartile	Upper Quartile	10th Percentile	90th Percentile
1	32.802428315029275	34.0	31.0	34.0	31.0	34.0
2	33.007315392504594	34.0	33.0	34.0	31.0	34.0
3	33.02912268706466	34.0	33.0	34.0	31.0	34.0
4	36.361488291098674	37.0	37.0	37.0	35.0	37.0
5	36.343195803598135	37.0	37.0	37.0	35.0	37.0
6	36.34929329943165	37.0	37.0	37.0	35.0	37.0
7	36.348556151446516	37.0	37.0	37.0	35.0	37.0
8	36.34055168582539	37.0	37.0	37.0	35.0	37.0
9	38.10052722105893	39.0	39.0	39.0	37.0	39.0
10-11	38.0909483034913	39.0	39.0	39.0	37.0	39.0
12-13	38.067565221571726	39.0	39.0	39.0	37.0	39.0
14-15	39.5883883167386	41.0	40.0	41.0	37.0	41.0
16-17	39.54946770437161	41.0	40.0	41.0	37.0	41.0
18-19	39.52639577368488	41.0	40.0	41.0	37.0	41.0
20-21	39.48417134951498	41.0	40.0	41.0	37.0	41.0
22-23	39.39896398658178	41.0	39.0	41.0	36.5	41.0
24-25	39.344222736207854	41.0	39.0	41.0	36.0	41.0
26-27	39.250054751933675	41.0	39.0	41.0	36.0	41.0
28-29	39.14980129054314	40.5	39.0	41.0	36.0	41.0
30-31	39.03477014871159	40.0	39.0	41.0	36.0	41.0
32-33	38.91085049784198	40.0	38.0	41.0	35.0	41.0
34-35	38.77825466860391	40.0	38.0	41.0	35.0	41.0
36-37	38.645716262125546	40.0	38.0	41.0	35.0	41.0
38-39	38.715463548566305	40.0	38.0	41.0	35.0	41.0
40-41	38.702945386949274	40.0	38.0	41.0	35.0	41.0
42-43	38.57180382248622	40.0	38.0	41.0	34.0	41.0
44-45	38.46226389897868	40.0	38.0	41.0	34.0	41.0
46-47	38.293748130421775	40.0	38.0	41.0	33.5	41.0
48-49	38.10719093201145	40.0	38.0	41.0	33.0	41.0
50-51	37.476324462629805	39.0	37.0	40.5	32.5	40.5
52-53	37.76356913166104	39.5	37.0	40.5	33.5	41.0
54-55	38.15617254604504	40.0	37.5	41.0	34.0	41.0
56-57	38.00308881030725	40.0	37.0	41.0	34.0	41.0
58-59	37.749775650613216	40.0	36.5	41.0	33.0	41.0
60-61	37.44813122302466	39.0	36.0	41.0	33.0	41.0
62-63	37.15250416648861	39.0	35.5	41.0	33.0	41.0
64-65	36.7808947801376	39.0	35.0	41.0	32.0	41.0
66-67	36.39775944404085	38.0	35.0	40.0	31.5	41.0
68-69	36.02680307465493	37.0	35.0	40.0	31.0	41.0
70-71	35.614040265373276	37.0	35.0	39.5	31.0	41.0
72-73	35.19378578906884	36.0	35.0	39.0	30.5	41.0
74-75	34.75873093030212	35.5	34.0	39.0	30.0	40.5
76-77	34.315456604418614	35.0	34.0	37.5	29.5	39.5
78-79	33.92405372633648	35.0	34.0	37.0	29.0	39.0
80-81	33.48279720952096	35.0	34.0	36.5	29.0	39.0
82-83	33.082512499465835	35.0	34.0	36.0	28.5	37.5
84-85	32.687661584975004	35.0	33.5	36.0	27.5	37.0
86-87	32.280098873979746	35.0	33.0	35.0	26.5	37.0
88-89	31.856273503269094	35.0	33.0	35.0	25.5	36.0
90	31.523727618477842	35.0	33.0	35.0	25.0	36.0
>>END_MODULE
>>Per tile sequence quality	fail
#Tile	Base	Mean
0	1	15.73625995037338
0	2	15.527000390069325
0	3	15.515276930424136
0	4	12.271735786556782
0	5	12.294259367970447
0	6	12.295041844045429
0	7	12.282175735390602
0	8	12.295296114592922
0	9	10.586459641807117
0	10-11	10.586586006062852
0	12-13	10.604327376776936
0	14-15	9.122296162498948
0	16-17	9.163559200518783
0	18-19	9.184084525824751
0	20-21	9.225425743844674
0	22-23	9.310059650857092
0	24-25	9.365058455323414
0	26-27	9.450264534078073
0	28-29	9.545860764500247
0	30-31	9.652099071219546
0	32-33	9.766743434309475
0	34-35	9.902675958494811
0	36-37	10.038277342881344
0	38-39	9.97325579284621
0	40-41	9.971608079848401
0	42-43	10.09025655000449
0	44-45	10.207772430713952
0	46-47	10.370611087954494
0	48-49	10.569461203702417
0	50-51	11.199470787018463
0	52-53	10.89069184338932
0	54-55	10.518283193798503
0	56-57	10.652183385332378
0	58-59	10.909659219811651
0	60-61	11.210215906328798
0	62-63	11.481420755389493
0	64-65	11.839046588835686
0	66-67	12.205902445233242
0	68-69	12.552523430653487
0	70-71	12.941483579161577
0	72-73	13.350726762107492
0	74-75	13.745985406445413
0	76-77	14.185431749869586
0	78-79	14.585261947570856
0	80-81	15.029652259474013
0	82-83	15.442853323940142
0	84-85	15.803150076869805
0	86-87	16.219637389227614
0	88-89	16.640947050022838
0	90	16.96253769797822
1101	1	-0.23903920430880277
1101	2	-0.23707909176182795
1101	3	-0.23211575812565144
1101	4	-0.192859668487678
1101	5	-0.1951467139265759
1101	6	-0.15352550692613676
1101	7	-0.1737469784089356
1101	8	-0.15876031311593408
1101	9	-0.04280811535613083
1101	10-11	-0.061344612007182775
1101	12-13	-0.10711185914358623
1101	14-15	0.07294936263068763
1101	16-17	0.09368325365304742
1101	18-19	0.047516296600910835
1101	20-21	0.08748524543650404
1101	22-23	0.07013210667002312
1101	24-25	0.0741922790142695
1101	26-27	0.0885343770904754
1101	28-29	0.010017093405721766
1101	30-31	0.14057201007123155
1101	32-33	0.05684113987540229
1101	34-35	0.05466849335044799
1101	36-37	0.040088738204651975
1101	38-39	0.08671500900604912
1101	40-41	0.07859018545823915
1101	42-43	0.08570061631253623
1101	44-45	0.03541542116295915
1101	46-47	0.11020928753732306
1101	48-49	0.06660688379902524
1101	50-51	-0.026624283790631864
1101	52-53	0.015568339162726375
1101	54-55	0.054895335636246045
1101	56-57	0.07160373882891946
1101	58-59	0.04595299519863261
1101	60-61	0.05932118682062537
1101	62-63	0.057115123596759076
1101	64-65	0.0676117441765598
1101	66-67	0.06033213016024064
1101	68-69	-0.031075208055476367
1101	70-71	-0.10693007766134599
1101	72-73	-0.07215170973354645
1101	74-75	-0.06046974779764014
1101	76-77	-0.1156441091709226
1101	78-79	-0.24660763196586544
1101	80-81	-0.1945765252443934
1101	82-83	-0.1435996346722206
1101	84-85	-0.18554242505137353
1101	86-87	-0.11053057652054576
1101	88-89	-0.05984337702732745
1101	90	-0.13681459096677884
1102	1	-0.173923115988174
1102	2	-0.24473874036545595
1102	3	-0.28163382472460796
1102	4	-0.2219713072647309
1102	5	-0.20288022013023976
1102	6	-0.20038149691566787
1102	7	-0.2206846765087107
1102	8	-0.22301052156268497
1102	9	-0.11376919114482575
1102	10-11	-0.16741857059619036
1102	12-13	-0.18943692528256406
1102	14-15	-0.04046127457198878
1102	16-17	-0.04353462099151528
1102	18-19	-0.02157908973588718
1102	20-21	-0.050604004439080086
1102	22-23	-0.06780076104222843
1102	24-25	0.1144863729435528
1102	26-27	0.04837666222452697
1102	28-29	-0.13177081444712258
1102	30-31	-0.04784372054246688
1102	32-33	0.06308210707835826
1102	34-35	-0.04898308040679211
1102	36-37	0.055153773087297964
1102	38-39	-0.017018806696121658
1102	40-41	-0.025531508252285562
1102	42-43	-0.11197457127697419
1102	44-45	0.004683185862695893
1102	46-47	-0.02898845437960773
1102	48-49	0.07089140965207719
1102	50-51	0.03185064971869167
1102	52-53	0.03428452073485744
1102	54-55	-0.09756348812368998
1102	56-57	-0.04032233549142461
1102	58-59	-0.09348723327759245
1102	60-61	-0.06495571838516412
1102	62-63	0.07180977140779987
1102	64-65	-0.11833327386454329
1102	66-67	-0.052964831654627176
1102	68-69	-0.04158412083392449
1102	70-71	-0.0035965123716010794
1102	72-73	-0.03428467954010017
1102	74-75	-0.11156608096877108
1102	76-77	-0.12149044692674948
1102	78-79	-0.14442912794402218
1102	80-81	-0.1288145597479584
1102	82-83	-0.3735082321239318
1102	84-85	-0.34587738308442795
1102	86-87	-0.14392096317513392
1102	88-89	-0.16626118796343548
1102	90	-0.163320425591575
1103	1	-0.26374004962661957
1103	2	-0.2738252033259272
1103	3	-0.372235969472662
1103	4	-0.22774821757118247
1103	5	-0.2124485783659793
1103	6	-0.23849788763671853
1103	7	-0.2534279797796799
1103	8	-0.19902793081471515
1103	9	-0.18443819101022285
1103	10-11	-0.10897642943766783
1103	12-13	-0.09691101331594609
1103	14-15	0.06914858767954257
1103	16-17	0.04488014995119016
1103	18-19	-0.032117744557091044
1103	20-21	-0.08829974635140303
1103	22-23	0.018005987286400682
1103	24-25	0.04462501879090297
1103	26-27	-0.18750636375474983
1103	28-29	-0.08675017461224144
1103	30-31	0.07366769867052625
1103	32-33	0.10678471397923772
1103	34-35	-0.05914034697474335
1103	36-37	-0.07936971594218534
1103	38-39	-0.07989178197319546
1103	40-41	-0.08102349909896844
1103	42-43	-0.3359560402947821
1103	44-45	-0.19470434947180593
1103	46-47	-0.002453927525380095
1103	48-49	-0.10752538040490833
1103	50-51	-0.07142704579887749
1103	52-53	0.11515004772368798
1103	54-55	-0.10916778659365178
1103	56-57	-0.01654726482242097
1103	58-59	-0.0727969205392256
1103	60-61	-0.01991825259793245
1103	62-63	-0.15583414657129424
1103	64-65	-0.09077797256782105
1103	66-67	-0.11659497478739667
1103	68-69	-0.16471083147241217
1103	70-71	-0.19215935169497556
1103	72-73	-0.2700162719482364
1103	74-75	-0.23853471739359122
1103	76-77	-0.2598726876949158
1103	78-79	-0.2150476499523677
1103	80-81	-0.26807735868904103
1103	82-83	-0.26818898772136635
1103	84-85	-0.15195828226332253
1103	86-87	-0.202447234095402
1103	88-89	-0.17484242366137437
1103	90	-0.2387006921146586
1104	1	-0.26953155541812635
1104	2	-0.3890227759538405
1104	3	-0.3688929537457497
1104	4	-0.3218935570725634
1104	5	-0.2568989331878555
1104	6	-0.3458847968812151
1104	7	-0.3423416391267722
1104	8	-0.2780629587661494
1104	9	-0.26875271340523454
1104	10-11	-0.19864565416880708
1104	12-13	-0.20986181241225665
1104	14-15	-0.10839881819602937
1104	16-17	-0.17620913924955772
1104	18-19	-0.16388844714821715
1104	20-21	-0.0713889279699984
1104	22-23	-0.07700598620854038
1104	24-25	-0.09874463347967577
1104	26-27	-0.21141500260146273
1104	28-29	-0.0028844092449276104
1104	30-31	-0.02212872800825494
1104	32-33	-0.025244982678941597
1104	34-35	-0.07657114575229684
1104	36-37	-0.14270721310320766
1104	38-39	-0.06583687124645365
1104	40-41	-0.05252319428287677
1104	42-43	-0.08493650018856158
1104	44-45	0.02775312569464461
1104	46-47	-0.015489298145887176
1104	48-49	-0.13806775382654024
1104	50-51	0.07350553605321153
1104	52-53	-0.1599838322863576
1104	54-55	0.22436427487958355
1104	56-57	0.2680135011624998
1104	58-59	0.11477504992748067
1104	60-61	0.1894630105759063
1104	62-63	0.20632423029296376
1104	64-65	0.25796550775460503
1104	66-67	0.19818043751123327
1104	68-69	0.24412574725580072
1104	70-71	0.30248744016543583
1104	72-73	0.3816147929955207
1104	74-75	0.2107537462137543
1104	76-77	0.1226904371282771
1104	78-79	0.18033916764807145
1104	80-81	0.1918144216361739
1104	82-83	0.13397301505982995
1104	84-85	0.12457864829837462
1104	86-87	0.09560264019286535
1104	88-89	0.0946150036907909
1104	90	0.15172688716740623
1105	1	-0.37916105246483767
1105	2	-0.3064906222296315
1105	3	-0.3938999853752989
1105	4	-0.27698701382164614
1105	5	-0.33014933590845175
1105	6	-0.2186762259640318
1105	7	-0.30249786915054955
1105	8	-0.2647795713105765
1105	9	-0.2905507650046175
1105	10-11	-0.16317747548870898
1105	12-13	-0.16199239616535266
1105	14-15	-0.09813903144618052
1105	16-17	-0.14864515142066637
1105	18-19	-0.0907499112613408
1105	20-21	-0.04325921358200446
1105	22-23	-0.17433013154593624
1105	24-25	-0.062093862557382806
1105	26-27	-0.014730735552959118
1105	28-29	0.04917202277839294
1105	30-31	0.004984596290505294
1105	32-33	0.05340379381751603
1105	34-35	-0.04434390905485941
1105	36-37	-0.06484470063804793
1105	38-39	-0.11567514376684329
1105	40-41	-0.14097470160854897
1105	42-43	0.004636871669582376
1105	44-45	-0.04009890325009735
1105	46-47	0.008264824945975136
1105	48-49	0.029253067467791993
1105	50-51	0.15027494974315658
1105	52-53	0.00516677243378183
1105	54-55	-0.024290126920512023
1105	56-57	-0.178469405585318
1105	58-59	-0.26772961651758465
1105	60-61	-0.13084369632021264
1105	62-63	-0.08575048396717477
1105	64-65	-0.09709343008579197
1105	66-67	-0.1039367222218246
1105	68-69	-0.08702245392550623
1105	70-71	-0.07318056464163902
1105	72-73	-0.06034230127945506
1105	74-75	-0.023645624775028296
1105	76-77	-0.1423828196668424
1105	78-79	0.08478891067397853
1105	80-81	0.19379606269065874
1105	82-83	0.1334871933819528
1105	84-85	0.13664108916876927
1105	86-87	0.05596662290784593
1105	88-89	0.00896975579389192
1105	90	0.04579219182873828
1106	1	-0.23959891685039025
1106	2	-0.30586869071061784
1106	3	-0.2934510175795779
1106	4	-0.24822707323894377
1106	5	-0.27769977780485533
1106	6	-0.2592757047010892
1106	7	-0.2990684614524781
1106	8	-0.3026611741721652
1106	9	-0.22598232662370776
1106	10-11	-0.18453748511634416
1106	12-13	-0.16122508376159317
1106	14-15	-0.02394339181859806
1106	16-17	-0.013321022322436704
1106	18-19	-0.08053942960700766
1106	20-21	-0.11069310480899475
1106	22-23	-0.10591063697949465
1106	24-25	-0.045805054425891
1106	26-27	-0.1922609998123619
1106	28-29	-0.005671268925937056
1106	30-31	-0.0043540392725631705
1106	32-33	0.0016552263243312382
1106	34-35	0.04705850259880151
1106	36-37	0.015528967765277457
1106	38-39	-0.2040886825484094
1106	40-41	-0.07667418570405715
1106	42-43	-0.081981147302848
1106	44-45	-0.15527306603627977
1106	46-47	-0.186027723558972
1106	48-49	-0.149201748943824
1106	50-51	-0.09068705884968864
1106	52-53	-0.151555138969087
1106	54-55	-0.09685143944198416
1106	56-57	-0.24150277994152702
1106	58-59	-0.16787095660431817
1106	60-61	-0.13936626637315186
1106	62-63	-0.23817070236351867
1106	64-65	-0.24591162843451286
1106	66-67	-0.2462795417676844
1106	68-69	-0.1173930038869031
1106	70-71	-0.1857216204670209
1106	72-73	-0.21426859536697407
1106	74-75	-0.0423154292091823
1106	76-77	-0.25421541818983684
1106	78-79	-0.13247249996860688
1106	80-81	-0.06551951397074163
1106	82-83	-0.07757378840897644
1106	84-85	-0.2414181682555423
1106	86-87	-0.2928974297138893
1106	88-89	-0.2778087531340745
1106	90	-0.21202126209605865
1107	1	-0.3883988303363566
1107	2	-0.3565300921872705
1107	3	-0.3455055991482041
1107	4	-0.27421507786542065
1107	5	-0.3263047812561197
1107	6	-0.2681974644168079
1107	7	-0.2774239006421553
1107	8	-0.33800688813683166
1107	9	-0.19243025810189351
1107	10-11	-0.2582729566305062
1107	12-13	-0.2751084739964966
1107	14-15	-0.25077026152289505
1107	16-17	-0.3068684609916801
1107	18-19	-0.22674349965295448
1107	20-21	-0.2126998248541483
1107	22-23	-0.24317055842407598
1107	24-25	-0.11401342820706617
1107	26-27	-0.11843428302839243
1107	28-29	-0.10336580510848847
1107	30-31	-0.14271439556844
1107	32-33	-0.10768786687341958
1107	34-35	-0.1268963799947258
1107	36-37	-0.1414314833242969
1107	38-39	-0.11773601789082733
1107	40-41	-0.23767308484677585
1107	42-43	-0.24049868202462932
1107	44-45	-0.178487805864755
1107	46-47	-0.2431286754667994
1107	48-49	-0.18986545689813283
1107	50-51	-0.058490996421028285
1107	52-53	-0.1247767644359783
1107	54-55	-0.16006075524608576
1107	56-57	-0.08075565015442976
1107	58-59	-0.004353519041849552
1107	60-61	-0.037736777929616494
1107	62-63	-0.09728716089804124
1107	64-65	-0.08861492162837692
1107	66-67	0.01891427416863678
1107	68-69	-0.10762215624369276
1107	70-71	-0.11948093403223226
1107	72-73	-0.13425958912089442
1107	74-75	-0.1880455307702391
1107	76-77	-0.2827211163724499
1107	78-79	-0.19817754287500122
1107	80-81	-0.2624314529918692
1107	82-83	-0.1540529544948015
1107	84-85	-0.03670433623302216
1107	86-87	-0.07654095472143041
1107	88-89	0.10455032572802025
1107	90	0.004393930917252931
1108	1	-0.3123266220647807
1108	2	-0.35639183607908365
1108	3	-0.3902001013779852
1108	4	-0.36253983181777727
1108	5	-0.28259575570446316
1108	6	-0.2888804174386692
1108	7	-0.2796617204397833
1108	8	-0.32484522816326233
1108	9	-0.2730809942352863
1108	10-11	-0.21685922361912446
1108	12-13	-0.21634400131493692
1108	14-15	-0.14978864315475704
1108	16-17	-0.16285422704305574
1108	18-19	-0.10522642823885064
1108	20-21	-0.09436224202105592
1108	22-23	-0.09320890037965768
1108	24-25	-0.15746804644337686
1108	26-27	-0.07447044825408256
1108	28-29	-0.0804643238389744
1108	30-31	-0.11159350828575754
1108	32-33	-0.13475833247497349
1108	34-35	-0.1057162676535981
1108	36-37	-0.14237636736600479
1108	38-39	-0.10006576192410677
1108	40-41	-0.08713750319046909
1108	42-43	-0.10497313197431168
1108	44-45	0.009892572056706683
1108	46-47	0.11001038124071272
1108	48-49	-0.031245510078505845
1108	50-51	-0.18038787022535274
1108	52-53	-0.19146363364248487
1108	54-55	-0.1517698097350646
1108	56-57	-0.1976399362223944
1108	58-59	-0.3527082713544232
1108	60-61	-0.3383706661093626
1108	62-63	-0.22705980998153308
1108	64-65	-0.3725258493268626
1108	66-67	-0.19648271377736393
1108	68-69	-0.13210554461152668
1108	70-71	-0.09959415935431792
1108	72-73	-0.14441458064869295
1108	74-75	-0.2244209539786155
1108	76-77	-0.08886153634949068
1108	78-79	-0.0618228580828557
1108	80-81	-0.14084244017262648
1108	82-83	-0.1768463227029713
1108	84-85	-0.18801600086870707
1108	86-87	-0.23575130335188987
1108	88-89	-0.35596107718563985
1108	90	-0.4076036447779643
1109	1	-0.3309740921798081
1109	2	-0.36321237588812494
1109	3	-0.3774890270226692
1109	4	-0.28230676663470433
1109	5	-0.21722999373167795
1109	6	-0.23602198574180733
1109	7	-0.31782426460939917
1109	8	-0.31321452370494995
1109	9	-0.2773701454269286
1109	10-11	-0.20064803649034246
1109	12-13	-0.20248113386136168
1109	14-15	-0.1219591566499858
1109	16-17	-0.18197271437482954
1109	18-19	-0.18612824013269602
1109	20-21	-0.18734021360213404
1109	22-23	-0.1805786470152455
1109	24-25	-0.16387771488935243
1109	26-27	-0.1961184446453288
1109	28-29	-0.1609477461380493
1109	30-31	-0.11683709899322281
1109	32-33	-0.13793741675435456
1109	34-35	-0.24838787129242235
1109	36-37	-0.2089566996718446
1109	38-39	-0.04419101566443118
1109	40-41	-0.17647702653457742
1109	42-43	-0.12719025850615395
1109	44-45	-0.04116373949882046
1109	46-47	-0.06300593332210269
1109	48-49	-0.09351751970183386
1109	50-51	-0.006486659790049032
1109	52-53	0.014521630623363535
1109	54-55	-0.12809978492490615
1109	56-57	-0.1741995933910232
1109	58-59	-0.14863865252877417
1109	60-61	-0.052762817075461044
1109	62-63	-0.2692175424828491
1109	64-65	-0.21584702818559265
1109	66-67	-0.17196989519229078
1109	68-69	-0.22449784594225974
1109	70-71	-0.04958025062565952
1109	72-73	-0.11565621661591052
1109	74-75	-0.24720608291629276
1109	76-77	-0.14520654800275423
1109	78-79	-0.176865712003611
1109	80-81	-0.18524135754726245
1109	82-83	-0.1409764632938959
1109	84-85	-0.032169072066366766
1109	86-87	-0.11823495119791971
1109	88-89	0.003925773427091883
1109	90	0.010197272446305305
1110	1	-0.6088877289515153
1110	2	-0.5582316774412206
1110	3	-0.6855669514324063
1110	4	-0.5535806691394214
1110	5	-0.5361203788649931
1110	6	-0.43575984371828724
1110	7	-0.5473601295882986
1110	8	-0.4776996659977968
1110	9	-0.5215572358300165
1110	10-11	-0.47839289689073183
1110	12-13	-0.45305658946779204
1110	14-15	-0.695003415560123
1110	16-17	-0.6799007150930336
1110	18-19	-0.6564218032891702
1110	20-21	-0.6796375472945684
1110	22-23	-0.5764382394382679
1110	24-25	-0.5657432324402976
1110	26-27	-0.5569084617025197
1110	28-29	-0.5111012608162113
1110	30-31	-0.41161400894922906
1110	32-33	-0.29654770493102944
1110	34-35	-0.59563627779211
1110	36-37	-0.40349480901738843
1110	38-39	-0.552482603778266
1110	40-41	-0.44358179356931515
1110	42-43	-0.5654396525271537
1110	44-45	-0.4639575270919565
1110	46-47	-0.5277011483324259
1110	48-49	-0.5351801465085515
1110	50-51	-0.7566473564414551
1110	52-53	-0.7658482409988636
1110	54-55	-0.7466957091550839
1110	56-57	-0.6946520577055963
1110	58-59	-0.5840116662642956
1110	60-61	-0.7868305071733062
1110	62-63	-0.6050771349058692
1110	64-65	-0.7162276727676868
1110	66-67	-0.5489498754418634
1110	68-69	-0.6331305777853302
1110	70-71	-0.5707527077582526
1110	72-73	-0.40792302692204174
1110	74-75	-0.5966306273098638
1110	76-77	-0.317521836628309
1110	78-79	-0.5193794026401122
1110	80-81	-0.4897570232264101
1110	82-83	-0.5069357055957227
1110	84-85	-0.54284148431163
1110	86-87	-0.4828942563420071
1110	88-89	-0.5531457769813812
1110	90	-0.5243821332454068
1111	1	-0.633501758747407
1111	2	-0.7047169476463679
1111	3	-0.5956515823121009
1111	4	-0.5022987245360682
1111	5	-0.5249682409038314
1111	6	-0.4477683449438885
1111	7	-0.5173312489972375
1111	8	-0.45490930857881295
1111	9	-0.45215991447883397
1111	10-11	-0.44915762581882035
1111	12-13	-0.4934540529683389
1111	14-15	-0.48781065755035513
1111	16-17	-0.4868105611903317
1111	18-19	-0.5377724996477227
1111	20-21	-0.50711328655796
1111	22-23	-0.4660290919530965
1111	24-25	-0.3732324238877638
1111	26-27	-0.47413973872389903
1111	28-29	-0.6529888657380383
1111	30-31	-0.40418687783550666
1111	32-33	-0.4723691375886361
1111	34-35	-0.3121966791387152
1111	36-37	-0.46624196689680275
1111	38-39	-0.520581512001776
1111	40-41	-0.53619800067748
1111	42-43	-0.5638108287958374
1111	44-45	-0.6529506588505498
1111	46-47	-0.5870717386683495
1111	48-49	-0.4313604889845166
1111	50-51	-0.45582913081226906
1111	52-53	-0.5464486660601438
1111	54-55	-0.5088326648703543
1111	56-57	-0.5335191619149526
1111	58-59	-0.5484344531546625
1111	60-61	-0.38181367460793325
1111	62-63	-0.43476659054312705
1111	64-65	-0.4814135590689972
1111	66-67	-0.621131244166925
1111	68-69	-0.3599662981879277
1111	70-71	-0.4467662154152521
1111	72-73	-0.739248587111895
1111	74-75	-0.7388132788462869
1111	76-77	-0.635439244378567
1111	78-79	-0.6172852997586418
1111	80-81	-0.6971349221200782
1111	82-83	-0.6310990178840115
1111	84-85	-0.6081071129412052
1111	86-87	-0.7257200470912011
1111	88-89	-0.6643117831735452
1111	90	-0.603608563320055
1112	1	-0.7085426281922906
1112	2	-0.6833138726220511
1112	3	-0.7167939801318681
1112	4	-0.5566284358445088
1112	5	-0.5461918810223025
1112	6	-0.728326407364726
1112	7	-0.6098468270590374
1112	8	-0.7216257226351175
1112	9	-0.48203350887781227
1112	10-11	-0.5548322050572168
1112	12-13	-0.5471633565026792
1112	14-15	-0.6520793411271626
1112	16-17	-0.6160540146302864
1112	18-19	-0.5596705104363267
1112	20-21	-0.6174429104663659
1112	22-23	-0.646024152527275
1112	24-25	-0.6019036719932629
1112	26-27	-0.665770921199929
1112	28-29	-0.5794414111645381
1112	30-31	-0.5787631366773098
1112	32-33	-0.5777368235470917
1112	34-35	-0.626735806211073
1112	36-37	-0.6430280559905341
1112	38-39	-0.49974984776620346
1112	40-41	-0.6178359169283922
1112	42-43	-0.6841189536216206
1112	44-45	-0.6471832501885473
1112	46-47	-0.6934501529802404
1112	48-49	-0.5743744127359349
1112	50-51	-0.6381601557696115
1112	52-53	-0.593192121155397
1112	54-55	-0.5941261535020672
1112	56-57	-0.7748915542324895
1112	58-59	-0.7603649542415312
1112	60-61	-0.7728622564431618
1112	62-63	-0.690215022209216
1112	64-65	-0.8390356029451311
1112	66-67	-0.721978296104389
1112	68-69	-0.5768077538751228
1112	70-71	-0.5834962757941042
1112	72-73	-0.6633747689158795
1112	74-75	-0.6726286145054274
1112	76-77	-0.7178720373987417
1112	78-79	-0.7584125085129472
1112	80-81	-0.8454484657475874
1112	82-83	-0.8980008259389862
1112	84-85	-0.8841988352978021
1112	86-87	-0.9636825140761758
1112	88-89	-0.7136057299932759
1112	90	-0.8980585953336266
1113	1	-0.5874115472111612
1113	2	-0.5575406727326069
1113	3	-0.603080557498572
1113	4	-0.464979189288627
1113	5	-0.3836794404031423
1113	6	-0.5044750641671314
1113	7	-0.4778886768477264
1113	8	-0.45671676785474347
1113	9	-0.4851989733297586
1113	10-11	-0.5873270374154131
1113	12-13	-0.4745776151715333
1113	14-15	-0.40870222719509997
1113	16-17	-0.514782184344341
1113	18-19	-0.489828517653514
1113	20-21	-0.5583906812761015
1113	22-23	-0.7100691736195586
1113	24-25	-0.6144101437104013
1113	26-27	-0.5533586543277238
1113	28-29	-0.6320780438733493
1113	30-31	-0.6127962588931766
1113	32-33	-0.7614369199578306
1113	34-35	-0.7036042347419027
1113	36-37	-0.5454585669415195
1113	38-39	-0.690190261904192
1113	40-41	-0.7916769443061895
1113	42-43	-0.7607901488682955
1113	44-45	-0.7535802262908788
1113	46-47	-0.9562810215463102
1113	48-49	-0.9261104549127168
1113	50-51	-0.9877272806143864
1113	52-53	-0.9655883498473941
1113	54-55	-0.7454044068456156
1113	56-57	-0.8107795776305835
1113	58-59	-0.7791491537793362
1113	60-61	-0.912167346489241
1113	62-63	-0.9674520304398158
1113	64-65	-0.7607923805685033
1113	66-67	-0.979282739951941
1113	68-69	-1.1077020121806527
1113	70-71	-1.1627837316274707
1113	72-73	-1.14162428459138
1113	74-75	-1.2375089574837332
1113	76-77	-1.3137630971513445
1113	78-79	-1.349923237614334
1113	80-81	-1.498125518303766
1113	82-83	-1.4605283185719315
1113	84-85	-1.471809665481242
1113	86-87	-1.563776459403627
1113	88-89	-1.3924667986084032
1113	90	-1.45855731007331
1114	1	-0.7629731784609746
1114	2	-0.7406376467404883
1114	3	-0.6173917812323069
1114	4	-0.5718224956518085
1114	5	-0.5815075031951977
1114	6	-0.5860931252797243
1114	7	-0.5061678228916051
1114	8	-0.4731087933825364
1114	9	-0.6627734870272377
1114	10-11	-0.5886440552868422
1114	12-13	-0.49459900359116205
1114	14-15	-0.5924277638814246
1114	16-17	-0.5691861982542221
1114	18-19	-0.6828633269359798
1114	20-21	-0.6844668941921341
1114	22-23	-0.5718421896337063
1114	24-25	-0.7135458391551097
1114	26-27	-0.672434852424999
1114	28-29	-0.6036791128003642
1114	30-31	-0.9027322171240186
1114	32-33	-0.8923823325616951
1114	34-35	-0.8304528758610132
1114	36-37	-0.9091919822720342
1114	38-39	-0.8430785629820079
1114	40-41	-0.7718735152436196
1114	42-43	-0.8802189101182094
1114	44-45	-0.8938379987339005
1114	46-47	-0.7785453537632989
1114	48-49	-0.7917351153159871
1114	50-51	-0.7295936301594494
1114	52-53	-0.8903664388192709
1114	54-55	-0.8133885853426008
1114	56-57	-0.9007307250970698
1114	58-59	-0.9967824979797584
1114	60-61	-1.0988331734258026
1114	62-63	-1.13015899921173
1114	64-65	-1.243008625888237
1114	66-67	-1.216643567036698
1114	68-69	-1.1871238086103162
1114	70-71	-1.2184090588752312
1114	72-73	-1.5580155691808457
1114	74-75	-1.4660544708551981
1114	76-77	-1.4936326673083258
1114	78-79	-1.3568392794230064
1114	80-81	-1.4760992742683143
1114	82-83	-1.5747847128696755
1114	84-85	-1.4882609660749822
1114	86-87	-1.5529853101588884
1114	88-89	-1.7700958947624414
1114	90	-1.7146095412855828
1115	1	-0.7706102786342512
1115	2	-0.7592591519154084
1115	3	-0.7641123825529661
1115	4	-0.6404779539012324
1115	5	-0.6171910137089398
1115	6	-0.6034314383973225
1115	7	-0.6254578523956553
1115	8	-0.5131008319719612
1115	9	-0.6059067704066265
1115	10-11	-0.535551398517299
1115	12-13	-0.48994743238337435
1115	14-15	-0.6311389520048678
1115	16-17	-0.5532346926109852
1115	18-19	-0.6746941001294502
1115	20-21	-0.6386963935599042
1115	22-23	-0.5754365323490163
1115	24-25	-0.7605140637605601
1115	26-27	-0.7207278323341413
1115	28-29	-0.7041392354997527
1115	30-31	-0.6681299364140401
1115	32-33	-0.7691344282859376
1115	34-35	-0.816789690360153
1115	36-37	-0.733860061698806
1115	38-39	-0.782087718604167
1115	40-41	-0.6925140575561741
1115	42-43	-0.7208121522855819
1115	44-45	-0.9391741341715445
1115	46-47	-1.0332057059386344
1115	48-49	-0.9694700940075052
1115	50-51	-0.8081628007677963
1115	52-53	-0.681827240580148
1115	54-55	-0.900037416888523
1115	56-57	-0.8424731032172375
1115	58-59	-0.8342339099593445
1115	60-61	-0.7165016509231066
1115	62-63	-0.8796479469005831
1115	64-65	-0.9304190600192754
1115	66-67	-0.8925708372095116
1115	68-69	-1.0791559586594914
1115	70-71	-1.1119515353422358
1115	72-73	-1.1588152226253285
1115	74-75	-1.041800853096568
1115	76-77	-1.3347972577640022
1115	78-79	-1.2288601898337248
1115	80-81	-1.2436301832740781
1115	82-83	-1.2197420959071863
1115	84-85	-1.411735419313402
1115	86-87	-1.4112786413067369
1115	88-89	-1.7430224156260152
1115	90	-1.5809737524034588
1116	1	-0.7765028123893813
1116	2	-0.764290901221969
1116	3	-0.7497380845908808
1116	4	-0.5991350843140921
1116	5	-0.6058907821797064
1116	6	-0.6321353331317496
1116	7	-0.7133197601048948
1116	8	-0.565814996518192
1116	9	-0.7603872050397271
1116	10-11	-0.7287293092524649
1116	12-13	-0.6595615121119494
1116	14-15	-0.6768780116752211
1116	16-17	-0.7140684271088489
1116	18-19	-0.6263509096106858
1116	20-21	-0.7276523342334045
1116	22-23	-0.7984238326263906
1116	24-25	-0.7865931963282335
1116	26-27	-0.8023630935495518
1116	28-29	-0.9019620583225816
1116	30-31	-0.933861889741415
1116	32-33	-0.9783766858106446
1116	34-35	-1.0068585760397255
1116	36-37	-0.9493352697312645
1116	38-39	-0.8589514143609946
1116	40-41	-0.8301937219533997
1116	42-43	-0.6451038103558702
1116	44-45	-0.9971825242410048
1116	46-47	-1.2206051282617167
1116	48-49	-0.8911243818831736
1116	50-51	-0.887240924693252
1116	52-53	-0.8679417902443163
1116	54-55	-0.9483083977930917
1116	56-57	-1.0377565546075616
1116	58-59	-0.8947702096177821
1116	60-61	-0.9388081176952241
1116	62-63	-0.7209065719378316
1116	64-65	-0.7213888465997513
1116	66-67	-0.7479263835955905
1116	68-69	-0.8097138065837512
1116	70-71	-0.7826155199375222
1116	72-73	-0.7671411057603805
1116	74-75	-0.6751857647257538
1116	76-77	-0.792045727607892
1116	78-79	-0.8783266410177362
1116	80-81	-0.9222996924779423
1116	82-83	-0.8082728021859822
1116	84-85	-0.7982012744815492
1116	86-87	-0.9102424906522657
1116	88-89	-1.0133322292564415
1116	90	-1.0337085482680273
1201	1	-0.12565029128369787
1201	2	-0.11856923018383725
1201	3	-0.21429729282097298
1201	4	-0.0677348693695734
1201	5	-0.11540691511356016
1201	6	-0.10311695917666697
1201	7	-0.06765165241147031
1201	8	-0.11437016849108517
1201	9	0.0018796648220771317
1201	10-11	0.027322484774011002
1201	12-13	-0.03491312955218007
1201	14-15	0.15221561013991192
1201	16-17	0.24008394160048852
1201	18-19	0.20479798957618556
1201	20-21	0.1454487588043989
1201	22-23	0.1846281203622695
1201	24-25	0.10729090641662964
1201	26-27	0.21378582291582404
1201	28-29	0.2127192224979524
1201	30-31	0.02206454877995867
1201	32-33	0.045799820960795046
1201	34-35	0.1299486857675376
1201	36-37	0.07395053045325994
1201	38-39	0.19822702414655424
1201	40-41	0.162632245556118
1201	42-43	0.2622933739400466
1201	44-45	0.38268612461498464
1201	46-47	0.31882742857589363
1201	48-49	0.20524946607295647
1201	50-51	-0.054844517929751646
1201	52-53	0.15593925420635202
1201	54-55	0.12875500047284305
1201	56-57	0.09291986404353736
1201	58-59	-0.009213047161885868
1201	60-61	0.15958299493640027
1201	62-63	0.007312585078793177
1201	64-65	-0.030918888724727367
1201	66-67	-0.07718155936974824
1201	68-69	-0.02054906646964838
1201	70-71	-0.11202620219630433
1201	72-73	-0.04628129312840912
1201	74-75	0.08027769643391025
1201	76-77	0.0030381940583126266
1201	78-79	-0.009099387296807038
1201	80-81	0.18788010757527474
1201	82-83	0.049297512662811016
1201	84-85	0.12075652105853152
1201	86-87	9.952718513233094E-4
1201	88-89	0.08398502470638647
1201	90	0.07876324458351291
1202	1	-0.2722146258978029
1202	2	-0.18910130484592713
1202	3	-0.28345188313518577
1202	4	-0.14987438293474042
1202	5	-0.294723682877013
1202	6	-0.23250052883592787
1202	7	-0.2220615527449894
1202	8	-0.28415303794945146
1202	9	-0.07243866327763016
1202	10-11	-0.18989704478460823
1202	12-13	-0.15573618254509825
1202	14-15	-0.023360617162069275
1202	16-17	-0.1012713079557912
1202	18-19	-0.2375256436667783
1202	20-21	-0.06376917140956806
1202	22-23	-0.05169882371918533
1202	24-25	-0.023183070100309067
1202	26-27	-0.11382444897277821
1202	28-29	-0.10456296431330969
1202	30-31	-0.06982889488214994
1202	32-33	0.014095129224727998
1202	34-35	-0.03323505845433772
1202	36-37	0.016561241186423103
1202	38-39	0.07812867420214076
1202	40-41	0.0266928256111143
1202	42-43	0.020870956784150962
1202	44-45	0.0446368374936128
1202	46-47	0.01785685066635523
1202	48-49	-0.046004897992496296
1202	50-51	-0.07489361976119824
1202	52-53	-0.09659629220389832
1202	54-55	0.06542302430698044
1202	56-57	0.07167491075610855
1202	58-59	0.058493965574363926
1202	60-61	0.02165658429490236
1202	62-63	-0.08584619376304659
1202	64-65	-0.16360171624906172
1202	66-67	-0.2972755208684532
1202	68-69	-0.20754012866854765
1202	70-71	-0.18987235304181382
1202	72-73	-0.10478171246877821
1202	74-75	-0.005073915588482691
1202	76-77	-0.11806401284227519
1202	78-79	-0.3750134761579602
1202	80-81	-0.4131443506954824
1202	82-83	-0.5206000658903633
1202	84-85	-0.44949822821494223
1202	86-87	-0.5489007463656037
1202	88-89	-0.43373515336698887
1202	90	-0.3626741664285582
1203	1	-0.2176184563352166
1203	2	-0.13756984053863874
1203	3	-0.3201528389678998
1203	4	-0.22616777738451788
1203	5	-0.2529104433503093
1203	6	-0.3370336276526871
1203	7	-0.2041974302278433
1203	8	-0.208896757524478
1203	9	0.018325469899359348
1203	10-11	-0.09056284089731292
1203	12-13	-0.13623866095890946
1203	14-15	0.010660942373156956
1203	16-17	-0.0770068372170627
1203	18-19	0.004839242805878996
1203	20-21	-0.053924360977127606
1203	22-23	-0.04633447912194555
1203	24-25	-0.06942791784220503
1203	26-27	0.08234000577618872
1203	28-29	0.003932043326244639
1203	30-31	-0.07326780509072961
1203	32-33	0.014646998250775312
1203	34-35	-0.0716426997861106
1203	36-37	-0.0366702462171844
1203	38-39	-0.009448609669512109
1203	40-41	0.013012692007727367
1203	42-43	-0.023999215194670853
1203	44-45	-0.09725901582692842
1203	46-47	-0.17393817829288594
1203	48-49	0.006044012926736286
1203	50-51	-0.06992124652450826
1203	52-53	-0.09148845011172568
1203	54-55	0.01094566759305593
1203	56-57	-0.03439942389194073
1203	58-59	0.0076676055558877465
1203	60-61	-0.042928747759248154
1203	62-63	-0.3057909846524325
1203	64-65	-0.28516724764230617
1203	66-67	-0.22648749187367656
1203	68-69	-0.2509356888433629
1203	70-71	-0.23042417765184098
1203	72-73	-0.18438854187574094
1203	74-75	-0.32581752856506796
1203	76-77	-0.15314267361049616
1203	78-79	-0.14377369184214217
1203	80-81	-0.16584040299978398
1203	82-83	-0.26521795488585553
1203	84-85	-0.150204220824115
1203	86-87	-0.23738567156902945
1203	88-89	-0.3061179394949818
1203	90	-0.3204811699463086
1204	1	-0.17547525524346952
1204	2	-0.1259584865605632
1204	3	-0.1647631899369486
1204	4	-0.18162429368393873
1204	5	-0.1791608928119004
1204	6	-0.1853994799264882
1204	7	-0.17619938998552698
1204	8	-0.17511511910818456
1204	9	-0.015345774441627213
1204	10-11	-0.09646314137947343
1204	12-13	-0.10078796926117661
1204	14-15	0.09872545036253655
1204	16-17	0.06877484745960771
1204	18-19	-0.03306692853833937
1204	20-21	0.03485402869923604
1204	22-23	0.05429234895137114
1204	24-25	0.022530872575167393
1204	26-27	0.006934544108162299
1204	28-29	0.2183783171582263
1204	30-31	0.12200880040710871
1204	32-33	0.11127703511188258
1204	34-35	0.14741016110263416
1204	36-37	0.1781971021591744
1204	38-39	0.20294486004781476
1204	40-41	0.20029413802292595
1204	42-43	0.11332575762735786
1204	44-45	0.135054276250564
1204	46-47	0.07873546107385465
1204	48-49	0.15371396197724607
1204	50-51	0.18693317417994848
1204	52-53	0.20012012824388137
1204	54-55	0.4124657414414301
1204	56-57	0.2890941175289683
1204	58-59	0.2632199018577879
1204	60-61	0.2543483035203735
1204	62-63	0.22916398507855718
1204	64-65	0.34255712043047026
1204	66-67	0.23348519347798202
1204	68-69	0.1869266402823726
1204	70-71	0.2669600084494377
1204	72-73	0.3467147259991705
1204	74-75	0.3011509029348787
1204	76-77	0.2957627428485239
1204	78-79	0.21866214817266183
1204	80-81	0.16405546910289814
1204	82-83	0.11837990367935447
1204	84-85	-0.027341397553463764
1204	86-87	0.15995835211627707
1204	88-89	0.060204823342793645
1204	90	0.09794391663418622
1205	1	-0.20802157455330672
1205	2	-0.31757438998932486
1205	3	-0.22665855344683195
1205	4	-0.22973048910304072
1205	5	-0.24337504063170456
1205	6	-0.20446939740129721
1205	7	-0.26523384427704144
1205	8	-0.23549567426338314
1205	9	-0.13494798282631137
1205	10-11	-0.15046189227536644
1205	12-13	-0.15227086369227294
1205	14-15	-0.054145675233208124
1205	16-17	-0.09010648863077364
1205	18-19	-0.18052935491815703
1205	20-21	0.018192117256212725
1205	22-23	-0.0012795475788820454
1205	24-25	-0.0019992181858725644
1205	26-27	-0.10789773376161804
1205	28-29	-0.08512652777736918
1205	30-31	-0.19100943317928198
1205	32-33	-0.06561238191730467
1205	34-35	-0.02694280983363484
1205	36-37	-0.026238786150912574
1205	38-39	-0.21051742318507394
1205	40-41	-0.17501948613399776
1205	42-43	-0.13066231607566436
1205	44-45	-0.03611808737011302
1205	46-47	0.011373551297602091
1205	48-49	-0.08840780900530376
1205	50-51	-0.16367681806462286
1205	52-53	-0.268643444978224
1205	54-55	-0.3160276566413742
1205	56-57	-0.2134080125170854
1205	58-59	-0.25016482710916677
1205	60-61	-0.34305877597813605
1205	62-63	-0.24829576464960468
1205	64-65	-0.15704334273812037
1205	66-67	-0.336619548901659
1205	68-69	-0.21824880786068235
1205	70-71	-0.23886832699677996
1205	72-73	-0.29932211374783435
1205	74-75	-0.2085600481000398
1205	76-77	-0.2432095013523039
1205	78-79	-0.3414242694379368
1205	80-81	-0.2777768705357673
1205	82-83	-0.29859340137755197
1205	84-85	-0.2740737745475954
1205	86-87	-0.3458562569111905
1205	88-89	-0.23539703599866613
1205	90	-0.05310257572656951
1206	1	-0.38241709242817734
1206	2	-0.36696848152600836
1206	3	-0.2580693730778094
1206	4	-0.34402296830702994
1206	5	-0.31663557366379536
1206	6	-0.36935504311410483
1206	7	-0.24895266927865833
1206	8	-0.26501516945376835
1206	9	-0.21801506636408874
1206	10-11	-0.1590365620305363
1206	12-13	-0.1923652302269545
1206	14-15	-0.13986337057497877
1206	16-17	-0.07428126640729005
1206	18-19	-0.018250104525442623
1206	20-21	-0.05472989817867102
1206	22-23	-0.09655513513512659
1206	24-25	-0.1514785096571316
1206	26-27	-0.17035803401530814
1206	28-29	-0.1914933211028682
1206	30-31	-0.05850404162092104
1206	32-33	-0.1617585112158153
1206	34-35	0.0038432736699078873
1206	36-37	-0.05170320186573463
1206	38-39	-0.18579089976079644
1206	40-41	-0.13831409913992587
1206	42-43	-0.20789520096827374
1206	44-45	-0.24261667434441136
1206	46-47	-0.10944727780425723
1206	48-49	-0.06186175349603218
1206	50-51	-0.15412843477141536
1206	52-53	-0.11611749513208025
1206	54-55	-0.038137039664533745
1206	56-57	-0.09976213995945216
1206	58-59	-0.12973766734787517
1206	60-61	-0.24990082518871048
1206	62-63	-0.045330217373148685
1206	64-65	-0.04957208820711401
1206	66-67	-0.06014813842434563
1206	68-69	-0.14640653043600338
1206	70-71	-0.2195086387372598
1206	72-73	-0.04518763477967269
1206	74-75	0.04997373329366184
1206	76-77	-0.051922335733529223
1206	78-79	-0.22261742986104593
1206	80-81	-0.04476408293843548
1206	82-83	0.12135526946543251
1206	84-85	-0.024184553480388615
1206	86-87	-0.16217194929379275
1206	88-89	-0.10808018733124669
1206	90	-0.18045841097119464
1207	1	-0.44807624828946757
1207	2	-0.4854160378198813
1207	3	-0.4837679597382305
1207	4	-0.30037500618438173
1207	5	-0.4440405365185711
1207	6	-0.39359234888675587
1207	7	-0.33578032955686865
1207	8	-0.4898041719400297
1207	9	-0.39252794176499606
1207	10-11	-0.41198132918069774
1207	12-13	-0.37274998711991714
1207	14-15	-0.34379743826513476
1207	16-17	-0.4075964823847542
1207	18-19	-0.3488667635735325
1207	20-21	-0.40255897439792676
1207	22-23	-0.3718887732116727
1207	24-25	-0.30877153512548716
1207	26-27	-0.3725625910413157
1207	28-29	-0.3949224255666053
1207	30-31	-0.35219892304979084
1207	32-33	-0.3898945790620587
1207	34-35	-0.3637996862043309
1207	36-37	-0.33182771920079546
1207	38-39	-0.30897916417384863
1207	40-41	-0.3516966001898041
1207	42-43	-0.3973270221063032
1207	44-45	-0.47322088351718605
1207	46-47	-0.3772399149108381
1207	48-49	-0.40236305608745937
1207	50-51	-0.34112138108087464
1207	52-53	-0.4197188538408625
1207	54-55	-0.4148591175673033
1207	56-57	-0.2527831858233043
1207	58-59	-0.35681642488749077
1207	60-61	-0.23582038784503112
1207	62-63	-0.34331658940516263
1207	64-65	-0.3280976327497953
1207	66-67	-0.3810125499912047
1207	68-69	-0.5028729399291265
1207	70-71	-0.5174466978202759
1207	72-73	-0.4902474499268905
1207	74-75	-0.5754090539175252
1207	76-77	-0.5643294726710053
1207	78-79	-0.4553302205284737
1207	80-81	-0.5510545218058311
1207	82-83	-0.4267741832231877
1207	84-85	-0.44422337107670984
1207	86-87	-0.5888630883273009
1207	88-89	-0.36955915819110885
1207	90	-0.37748140421853194
1208	1	-0.505630689107619
1208	2	-0.4980227795321568
1208	3	-0.5662800667955139
1208	4	-0.3835005433783465
1208	5	-0.3554162576087947
1208	6	-0.3481462931186101
1208	7	-0.4305212062220036
1208	8	-0.4248150994941966
1208	9	-0.23003711444867747
1208	10-11	-0.3072972191456742
1208	12-13	-0.38038068624437926
1208	14-15	-0.24934424528603216
1208	16-17	-0.15108398761838515
1208	18-19	-0.2135058356210351
1208	20-21	-0.19070029878739092
1208	22-23	-0.24091347240518957
1208	24-25	-0.2202056781334889
1208	26-27	-0.12943889502294326
1208	28-29	-0.3026100418018842
1208	30-31	-0.1514227082058497
1208	32-33	-0.19711198737726932
1208	34-35	-0.11307937051353179
1208	36-37	-0.10120365804544207
1208	38-39	-0.0712298420008679
1208	40-41	-0.03070888029988339
1208	42-43	-0.12105021551914064
1208	44-45	-0.1249430465798369
1208	46-47	-0.10760948665161862
1208	48-49	-0.1131152559824784
1208	50-51	-0.018323466920371345
1208	52-53	-0.059261817407715967
1208	54-55	-0.1003451657937191
1208	56-57	-0.14994821800404168
1208	58-59	-0.06856135479446124
1208	60-61	-0.08079428829584856
1208	62-63	-0.13025672375786712
1208	64-65	-0.12295526473243257
1208	66-67	-0.08696131751003833
1208	68-69	-0.19631808927237415
1208	70-71	-0.19985098988383498
1208	72-73	-0.06771624067285842
1208	74-75	-0.1617995796528291
1208	76-77	-0.20937825939825672
1208	78-79	-0.16867688468123276
1208	80-81	-0.22382318074841834
1208	82-83	-0.2503811524268684
1208	84-85	-0.4447646589967391
1208	86-87	-0.2854599230986139
1208	88-89	-0.4090992891801264
1208	90	-0.3423742575361466
1209	1	-0.5629386248714994
1209	2	-0.5682801085949691
1209	3	-0.5345894987833404
1209	4	-0.3702944894895239
1209	5	-0.405651584834537
1209	6	-0.4351451550640988
1209	7	-0.3678687882069056
1209	8	-0.3868053992093934
1209	9	-0.3378502424315286
1209	10-11	-0.40762592626128225
1209	12-13	-0.3604989811927908
1209	14-15	-0.23611879742981756
1209	16-17	-0.14988692592823583
1209	18-19	-0.2611514492420355
1209	20-21	-0.3061860103850691
1209	22-23	-0.34176581664068095
1209	24-25	-0.2092959525127398
1209	26-27	-0.24252264312584515
1209	28-29	-0.2177189327392881
1209	30-31	-0.1947397533574815
1209	32-33	-0.23948986934145466
1209	34-35	-0.2482590370528328
1209	36-37	-0.29965676219434556
1209	38-39	-0.2818644208670591
1209	40-41	-0.4233162300358373
1209	42-43	-0.35720560493762576
1209	44-45	-0.31627031193965394
1209	46-47	-0.3787210580829097
1209	48-49	-0.43009356032251844
1209	50-51	-0.3860145201943581
1209	52-53	-0.32391189659287534
1209	54-55	-0.3753054081605356
1209	56-57	-0.3531594463684229
1209	58-59	-0.25552332693812474
1209	60-61	-0.5079497214539259
1209	62-63	-0.38678939599073914
1209	64-65	-0.3630905438446348
1209	66-67	-0.4450325503144015
1209	68-69	-0.4879930430775872
1209	70-71	-0.39956717773957706
1209	72-73	-0.2677060072602728
1209	74-75	-0.4205328482295627
1209	76-77	-0.5131434950101976
1209	78-79	-0.45525452616021767
1209	80-81	-0.431612210695171
1209	82-83	-0.4832375041987689
1209	84-85	-0.5588267708594898
1209	86-87	-0.41526911121762566
1209	88-89	-0.5554020149816132
1209	90	-0.626954733010205
1210	1	-0.45869218191556627
1210	2	-0.42948350897331977
1210	3	-0.3585263767995386
1210	4	-0.2939735258888234
1210	5	-0.33846473994947956
1210	6	-0.34638548406596925
1210	7	-0.4245257441568313
1210	8	-0.4296821273565996
1210	9	-0.3378223425270832
1210	10-11	-0.38730433336273506
1210	12-13	-0.26251335429356004
1210	14-15	-0.28849583053847283
1210	16-17	-0.17760703098687003
1210	18-19	-0.1544707396234628
1210	20-21	-0.20625397765227405
1210	22-23	-0.21126323861201257
1210	24-25	-0.2467779241369854
1210	26-27	-0.14808185408554664
1210	28-29	-0.13908266456850527
1210	30-31	-0.2243152020615682
1210	32-33	-0.15710338901515541
1210	34-35	-0.2383162086070172
1210	36-37	-0.2746034230020342
1210	38-39	-0.2660827624192379
1210	40-41	-0.17243021432043548
1210	42-43	-0.2556964526064789
1210	44-45	-0.14209702098317933
1210	46-47	-0.2051069277113058
1210	48-49	-0.17727508872577857
1210	50-51	-0.16649962203288737
1210	52-53	-0.22375550212852602
1210	54-55	-0.2693582335296085
1210	56-57	-0.36957466514630255
1210	58-59	-0.17693782109348177
1210	60-61	-0.04696425032916807
1210	62-63	-0.11518498873583383
1210	64-65	-0.16138857217389102
1210	66-67	-0.23578597948390012
1210	68-69	-0.2581815301820214
1210	70-71	-0.2343214687061348
1210	72-73	-0.33204086191339144
1210	74-75	-0.3018823046076733
1210	76-77	-0.2432018445603532
1210	78-79	-0.3690461464239263
1210	80-81	-0.2836636674189421
1210	82-83	-0.21162883445846603
1210	84-85	-0.3134730736959028
1210	86-87	-0.3217029066818782
1210	88-89	-0.2924733155124102
1210	90	-0.0844596910557236
1211	1	-0.49405830758306735
1211	2	-0.6271034625269891
1211	3	-0.5274366374150574
1211	4	-0.3580799588368535
1211	5	-0.2735798280094528
1211	6	-0.3515243201086733
1211	7	-0.3384272796847725
1211	8	-0.3236318586064044
1211	9	-0.26446163122470523
1211	10-11	-0.23585955507618195
1211	12-13	-0.2470126567239035
1211	14-15	-0.2880890971325485
1211	16-17	-0.3259717877559254
1211	18-19	-0.32219688121042367
1211	20-21	-0.1790968692206505
1211	22-23	-0.22092862384977963
1211	24-25	-0.26517605053923177
1211	26-27	-0.19713915101405632
1211	28-29	-0.2468528033389532
1211	30-31	-0.20007848321931476
1211	32-33	-0.35762842498701275
1211	34-35	-0.2660845105169187
1211	36-37	-0.3335819536010689
1211	38-39	-0.22063030430621922
1211	40-41	-0.22646562199414433
1211	42-43	-0.17146874312783922
1211	44-45	-0.09582890931955035
1211	46-47	-0.1771276055128439
1211	48-49	-0.27057229713510367
1211	50-51	-0.3616682414572452
1211	52-53	-0.16081569429912435
1211	54-55	-0.06086253484470916
1211	56-57	0.03283665166404148
1211	58-59	-0.138916994593707
1211	60-61	-0.25125813052211754
1211	62-63	-0.28239834008789444
1211	64-65	-0.22041739776398117
1211	66-67	-0.2086704190883708
1211	68-69	-0.12754357102155467
1211	70-71	-0.17744439403775658
1211	72-73	-0.14299183085733347
1211	74-75	-0.2845841077924405
1211	76-77	-0.18768382801986405
1211	78-79	-0.43651359681775403
1211	80-81	-0.25259229663988947
1211	82-83	-0.39048000939319394
1211	84-85	-0.2856271425606778
1211	86-87	-0.2862252573385504
1211	88-89	-0.44113000190345986
1211	90	-0.6011138933115632
1212	1	-0.5424973963940403
1212	2	-0.44865032361665413
1212	3	-0.48724196126352126
1212	4	-0.34371341579418413
1212	5	-0.313633159317547
1212	6	-0.2960580719915171
1212	7	-0.27282006645658186
1212	8	-0.353738310260141
1212	9	-0.3220206268746608
1212	10-11	-0.38234766312270807
1212	12-13	-0.39315373153540634
1212	14-15	-0.3840010667201952
1212	16-17	-0.34483710510674115
1212	18-19	-0.3243117798007731
1212	20-21	-0.2573618296230009
1212	22-23	-0.31378585711939877
1212	24-25	-0.29657042796793576
1212	26-27	-0.45023924425945694
1212	28-29	-0.24339196429907872
1212	30-31	-0.34034425371748256
1212	32-33	-0.31092239272662425
1212	34-35	-0.24425938995187124
1212	36-37	-0.2530744623243635
1212	38-39	-0.29878450942079127
1212	40-41	-0.24459679000886325
1212	42-43	-0.15239668257317618
1212	44-45	-0.2317741687822732
1212	46-47	-0.10503962573148584
1212	48-49	-0.3087923647274735
1212	50-51	-0.2018726218816198
1212	52-53	-0.33516877793729805
1212	54-55	-0.3595505593501116
1212	56-57	-0.4259022569850046
1212	58-59	-0.25071021763587
1212	60-61	-0.2889444631086491
1212	62-63	-0.2843223176583649
1212	64-65	-0.37589883517775036
1212	66-67	-0.33314037592544565
1212	68-69	-0.3681314811853085
1212	70-71	-0.4040243973287616
1212	72-73	-0.4872245393198753
1212	74-75	-0.34931266240429437
1212	76-77	-0.43127689832520844
1212	78-79	-0.29467088198413904
1212	80-81	-0.4014980343966883
1212	82-83	-0.34765885070301294
1212	84-85	-0.47812616158527277
1212	86-87	-0.4990863723173078
1212	88-89	-0.5429320431761546
1212	90	-0.46567388892354344
1213	1	-0.693944131259272
1213	2	-0.6460608344204672
1213	3	-0.5998251103921888
1213	4	-0.5372438052799495
1213	5	-0.4812508361111867
1213	6	-0.4551622375872242
1213	7	-0.4019058972624592
1213	8	-0.49898959969279133
1213	9	-0.4486423990092092
1213	10-11	-0.3832099123045012
1213	12-13	-0.43485629669245185
1213	14-15	-0.5364793477051322
1213	16-17	-0.6111346770322399
1213	18-19	-0.5808134333589194
1213	20-21	-0.5137579296247097
1213	22-23	-0.5087158593469852
1213	24-25	-0.529227258962301
1213	26-27	-0.4717762822484559
1213	28-29	-0.7316902559079139
1213	30-31	-0.762594806331478
1213	32-33	-0.9030524840578735
1213	34-35	-0.7597730210970255
1213	36-37	-0.7433553101798793
1213	38-39	-0.702662574500728
1213	40-41	-0.6688000834169046
1213	42-43	-0.8807638581587725
1213	44-45	-0.8036561407146223
1213	46-47	-0.8661236059230575
1213	48-49	-1.0913551228281904
1213	50-51	-0.9935904374713331
1213	52-53	-0.9011448913045541
1213	54-55	-0.829063744977006
1213	56-57	-0.9225104922186418
1213	58-59	-1.0568713924332442
1213	60-61	-1.044069807956916
1213	62-63	-1.1042935303247958
1213	64-65	-1.0789125948377816
1213	66-67	-0.9973628608892042
1213	68-69	-1.0050275897546754
1213	70-71	-0.8944347881853574
1213	72-73	-0.9223344623823024
1213	74-75	-0.9589125527382549
1213	76-77	-0.9831396787018392
1213	78-79	-1.082493154469958
1213	80-81	-1.0217763119545609
1213	82-83	-0.9244936148353702
1213	84-85	-0.9837886986403959
1213	86-87	-1.0607707740376924
1213	88-89	-1.20313458263022
1213	90	-1.223584751001372
1214	1	-0.834702529235102
1214	2	-0.7495085821982101
1214	3	-0.7620477025285552
1214	4	-0.5675790584676861
1214	5	-0.5842071899414591
1214	6	-0.5695584822188451
1214	7	-0.5489825027823159
1214	8	-0.5717511937268185
1214	9	-0.6582385637393742
1214	10-11	-0.6316032272161038
1214	12-13	-0.6986905677581348
1214	14-15	-0.7924672959023624
1214	16-17	-0.7691487929559315
1214	18-19	-0.7310867629191264
1214	20-21	-0.6828124290753905
1214	22-23	-0.7906744437595492
1214	24-25	-1.0444032086243809
1214	26-27	-0.8417419912074067
1214	28-29	-0.9162110136400514
1214	30-31	-0.9608699336744166
1214	32-33	-1.04116847433653
1214	34-35	-1.1992816271495599
1214	36-37	-1.2871712704954916
1214	38-39	-1.0463200635975127
1214	40-41	-1.1185224258612223
1214	42-43	-1.0088462232418394
1214	44-45	-1.0589486133317294
1214	46-47	-0.9980675417355585
1214	48-49	-0.9933446690545154
1214	50-51	-1.373938674645487
1214	52-53	-1.1093081566106804
1214	54-55	-1.1489272466582676
1214	56-57	-0.9828084580607737
1214	58-59	-1.017746979209555
1214	60-61	-1.2526715324966489
1214	62-63	-1.2286118710379128
1214	64-65	-1.2457821224204366
1214	66-67	-1.2508675384535408
1214	68-69	-1.3716201256270963
1214	70-71	-1.3505229461239026
1214	72-73	-1.4127316391975668
1214	74-75	-1.5015676114991265
1214	76-77	-1.6457264883033318
1214	78-79	-1.3984248387260436
1214	80-81	-1.4548501875080433
1214	82-83	-1.5265594003665512
1214	84-85	-1.7270293684809275
1214	86-87	-1.7493675047364974
1214	88-89	-1.8635390837455148
1214	90	-1.8865650752681091
1215	1	-0.793243155216679
1215	2	-0.6849561316698072
1215	3	-0.6469901503212085
1215	4	-0.49068657369166857
1215	5	-0.6257716879301753
1215	6	-0.5263867273831409
1215	7	-0.4398739540503911
1215	8	-0.4896417736058325
1215	9	-0.4671117867643133
1215	10-11	-0.5034761057383932
1215	12-13	-0.4958279027261696
1215	14-15	-0.5939305455755814
1215	16-17	-0.6924190603507796
1215	18-19	-0.4975924928087849
1215	20-21	-0.6491860573975643
1215	22-23	-0.5598937652919815
1215	24-25	-0.5833111098939767
1215	26-27	-0.6599839131268936
1215	28-29	-0.6455212230773952
1215	30-31	-0.6798108666686531
1215	32-33	-0.7068590501625778
1215	34-35	-0.6369203147971092
1215	36-37	-0.7614120981124444
1215	38-39	-0.7410299214394982
1215	40-41	-0.7644167648720952
1215	42-43	-0.5071813381942647
1215	44-45	-0.6163735320189687
1215	46-47	-0.744683943101407
1215	48-49	-0.7911754422603181
1215	50-51	-0.7652031260250141
1215	52-53	-0.8410628149957731
1215	54-55	-0.9118410298039876
1215	56-57	-0.8043383537980588
1215	58-59	-0.8706202832939383
1215	60-61	-0.7680449632364201
1215	62-63	-0.6664829713185867
1215	64-65	-0.551093162717109
1215	66-67	-0.5906814056984331
1215	68-69	-0.7456132153092412
1215	70-71	-0.9618549301551909
1215	72-73	-0.8317266540415815
1215	74-75	-0.9046357115670105
1215	76-77	-0.8735744613105325
1215	78-79	-0.8002194188887728
1215	80-81	-0.9206582995321995
1215	82-83	-0.9239945021468117
1215	84-85	-0.7659493020121815
1215	86-87	-0.6887477039400878
1215	88-89	-0.7561802791697083
1215	90	-0.9582697554379287
1216	1	-1.1790718574069388
1216	2	-1.128987405506571
1216	3	-0.8882318415056858
1216	4	-0.8060674171045434
1216	5	-0.589035826537561
1216	6	-0.6874142963054481
1216	7	-0.6789226627787315
1216	8	-0.6863972492514705
1216	9	-0.7072093131890682
1216	10-11	-0.6899204775374486
1216	12-13	-0.7499823104846968
1216	14-15	-0.8502438832676447
1216	16-17	-0.7407123479175297
1216	18-19	-0.6618346198655658
1216	20-21	-0.8432241417388511
1216	22-23	-0.6876520196234566
1216	24-25	-0.7726227040968752
1216	26-27	-0.8048842073406917
1216	28-29	-0.8042536519757277
1216	30-31	-0.7628513483075352
1216	32-33	-0.7118988235089816
1216	34-35	-0.6793225159521796
1216	36-37	-0.7744610247769259
1216	38-39	-0.7864696076114583
1216	40-41	-0.7469273892591488
1216	42-43	-0.8185916574707264
1216	44-45	-0.7384518255789558
1216	46-47	-0.7357962346999685
1216	48-49	-0.7356493988910273
1216	50-51	-1.1536947354834481
1216	52-53	-0.9361578896389062
1216	54-55	-0.8474681410603822
1216	56-57	-0.7311118091756299
1216	58-59	-0.800485707724583
1216	60-61	-0.6959625833737135
1216	62-63	-0.8542009074632944
1216	64-65	-0.7971090175716355
1216	66-67	-1.0278885540039866
1216	68-69	-1.0771485754487244
1216	70-71	-1.1832303796484922
1216	72-73	-1.2034303698528461
1216	74-75	-0.9988658521358218
1216	76-77	-0.9411891502066894
1216	78-79	-1.0009317976617922
1216	80-81	-1.0023843537982984
1216	82-83	-0.9774365311323265
1216	84-85	-1.0568804341904539
1216	86-87	-0.9672428548608707
1216	88-89	-0.889564010236505
1216	90	-0.8932975422963807
1301	1	-0.21018813705831008
1301	2	-0.19321818916564837
1301	3	-0.23335694935728668
1301	4	-0.09984891289676767
1301	5	-0.17677888339567005
1301	6	-0.14867400294910738
1301	7	-0.24241442854382456
1301	8	-0.17027765589887878
1301	9	-0.11517970245517972
1301	10-11	-0.03527191743441449
1301	12-13	-0.042120710654756977
1301	14-15	0.1332251242475806
1301	16-17	0.20344991090129128
1301	18-19	0.15621567336573605
1301	20-21	0.14946945969166592
1301	22-23	0.10240937763304458
1301	24-25	0.06451200723598305
1301	26-27	0.04643939746604531
1301	28-29	0.12618863335271158
1301	30-31	0.06739961766763258
1301	32-33	0.12302758731493668
1301	34-35	0.1392879803527336
1301	36-37	0.1470205122802497
1301	38-39	0.11205360705385914
1301	40-41	0.14756436400140416
1301	42-43	0.24052977404820552
1301	44-45	0.138919971697554
1301	46-47	0.21159469451186652
1301	48-49	0.19405136763684538
1301	50-51	0.1950992023190068
1301	52-53	0.34041861934559847
1301	54-55	0.2975181664760953
1301	56-57	0.31283912303729267
1301	58-59	0.4878012963143803
1301	60-61	0.2910902232686894
1301	62-63	0.368852449378565
1301	64-65	0.3576258238083625
1301	66-67	0.4102740299326939
1301	68-69	0.3623594962272563
1301	70-71	0.38246718571895144
1301	72-73	0.3081038112878147
1301	74-75	0.12576682721044108
1301	76-77	0.41275415424117057
1301	78-79	0.4054805268058317
1301	80-81	0.13183805182374186
1301	82-83	0.11443802339369569
1301	84-85	0.09167466703373606
1301	86-87	0.2606209957849899
1301	88-89	0.24094705002283234
1301	90	0.016089610546529798
1302	1	-0.18669602446938427
1302	2	-0.21042099357847377
1302	3	-0.17182998781485992
1302	4	-0.22354723231114093
1302	5	-0.20731295907357605
1302	6	-0.15778834463381486
1302	7	-0.15178652876033993
1302	8	-0.12137055207374203
1302	9	-0.04561582989099833
1302	10-11	-0.06907437129563476
1302	12-13	-0.16139589366331109
1302	14-15	0.058616917215928765
1302	16-17	0.0660749237892233
1302	18-19	0.10232351953543883
1302	20-21	0.01473391994530715
1302	22-23	-0.009908902602028036
1302	24-25	-0.012300035242624574
1302	26-27	0.21441547747430434
1302	28-29	0.014414223619745314
1302	30-31	-0.10340407343453961
1302	32-33	0.03875601292583042
1302	34-35	0.05833633585329778
1302	36-37	0.14047860074298057
1302	38-39	-0.02988886124183665
1302	40-41	0.022708708779219933
1302	42-43	0.12327541792901542
1302	44-45	-0.051661531550202255
1302	46-47	0.07737209424380609
1302	48-49	0.043517807476000314
1302	50-51	0.13972235934550525
1302	52-53	0.0502830383578754
1302	54-55	-0.016308001170052933
1302	56-57	0.07278086960910457
1302	58-59	6.802484309531565E-5
1302	60-61	0.014461189347670711
1302	62-63	0.16066603840835825
1302	64-65	-0.012368505503935978
1302	66-67	0.044738923220663196
1302	68-69	0.2978064495214099
1302	70-71	0.12701817035654273
1302	72-73	-0.06751223160319597
1302	74-75	0.04787219889824712
1302	76-77	0.15477137251109951
1302	78-79	-0.03659339834109687
1302	80-81	-0.035599312853030085
1302	82-83	-0.1326183741730631
1302	84-85	0.0940305800144543
1302	86-87	0.15517198042257974
1302	88-89	0.05289673555743235
1302	90	-0.018594377493478476
>>END_MODULE
>>Per sequence quality scores	pass
#Quality	Count
10	5.0
11	31.0
12	57.0
13	134.0
14	179.0
15	243.0
16	368.0
17	443.0
18	540.0
19	629.0
20	838.0
21	975.0
22	1087.0
23	1268.0
24	1442.0
25	1615.0
26	1951.0
27	2313.0
28	2802.0
29	3289.0
30	4057.0
31	5164.0
32	6612.0
33	8950.0
34	12676.0
35	19514.0
36	34387.0
37	66636.0
38	108555.0
39	84751.0
40	2812.0
41	0.0
42	0.0
43	0.0
44	0.0
45	0.0
46	0.0
47	0.0
48	0.0
49	93.0
>>END_MODULE
>>Per base sequence content	pass
#Base	G	A	T	C
1	19.769650121398445	28.07362435127288	25.88604839377436	26.270677133554315
2	23.8909381318561	29.502688351545036	25.679166010048267	20.9272075065506
3	22.451230716636044	27.157760352121702	27.29130165377548	23.099707277466774
4	22.384292399410242	26.943684694117398	26.836310604927455	23.835712301544902
5	22.53707344174021	27.277826449283104	27.89936750785273	22.285732601123957
6	22.82888551771292	26.72508653476347	27.098468014187425	23.347559933336182
7	23.13200431610098	26.654861489482172	27.532771385532516	22.68036280888433
8	21.972084526302293	26.535190803811805	28.346545019443614	23.14617965044229
9	22.35561514465194	26.135101064057093	28.35108542369984	23.15819836759113
10-11	22.81513076364258	26.54961326439041	27.4492810136319	23.185974958335116
12-13	22.56193645570702	26.742179821375156	27.395597410367078	23.300286312550746
14-15	22.7558384257083	26.857292423400708	27.288230203837443	23.098638947053544
16-17	22.709633135336098	26.8056119396607	27.220257681295674	23.26449724370753
18-19	22.83396008717576	26.635747403957094	27.197155036109567	23.333137472757574
20-21	22.909410922610146	26.738974830135465	27.084713260117088	23.2669009871373
22-23	22.90665655305772	26.625010349533802	27.05421553204616	23.414117565362314
24-25	22.817225294426365	26.586844259503838	26.904807372577714	23.69112307349208
26-27	22.923966924490408	26.743915858296653	26.88026152728516	23.451855689927783
28-29	22.947203110978162	26.886537968462886	26.584734626725353	23.581524293833596
30-31	22.943330413230203	26.776633477201827	26.63027221058929	23.649763898978676
32-33	22.923566300585446	26.89014358360754	26.52130250843981	23.66498760736721
34-35	22.835161958890644	26.97467522755438	26.558694072902867	23.63146874065211
36-37	22.84557818041964	26.881864022905006	26.67220417930858	23.60035361736678
38-39	22.893385966411692	26.985625614289987	26.53011623434896	23.59087218494936
40-41	22.855593778043673	27.031163198153923	26.650570488440668	23.462672535361737
42-43	22.823410324345115	26.99550767061237	26.632943036622365	23.548138968420155
44-45	22.776136703559676	27.00432139652151	26.807347976582196	23.41219392333661
46-47	22.92904149395325	27.078169736336054	26.596085637365924	23.396703132344772
48-49	22.85332357591556	27.170580317080468	26.612778300072648	23.363317806931327
50-51	22.775129201554424	27.18841392572413	26.828786239867526	23.20767063285392
52-53	22.78868958591513	27.245897611213195	26.692101833254988	23.273310969616684
54-55	22.72886308277424	27.31774283150293	26.82510896970215	23.128285116020685
56-57	22.712036878765865	27.31106576642024	26.88306589461989	23.093831460194007
58-59	22.716710824323748	27.432187727020214	26.759807273193452	23.091294175462586
60-61	22.698415665997178	27.455156830904663	26.787183240032476	23.059244263065683
62-63	22.744220332464423	27.300516003589593	26.834456860817912	23.120806803128072
64-65	22.67050553395154	27.48560424768172	26.93795136959959	22.905938848767146
66-67	22.634582923806676	27.42390816631768	26.793860305115164	23.14764860476048
68-69	22.682317749021806	27.489016198603156	26.83439498951698	22.99427106285806
70-71	22.802978505192087	27.511778342805865	26.868643434041278	22.81659971796077
72-73	22.702566992604307	27.53233780351329	26.899470362466516	22.865624841415894
74-75	22.79766729742759	27.53692088067935	26.98766477349362	22.67774704839944
76-77	22.674511773001154	27.614204521174308	26.8480780735866	22.863205632237936
78-79	22.765216717790796	27.61931597383121	26.797101081552448	22.818366226825546
80-81	22.742884919447885	27.584157728302213	26.873584462202473	22.799372890047433
82-83	22.81205931370454	27.47852655869407	27.004054313918207	22.705359813683177
84-85	22.741015341224735	27.43419084654502	26.98402311867014	22.840770693560103
86-87	22.666766377505233	27.6474563052861	26.963057134310496	22.72272018289817
88-89	22.8335594632708	27.48266633904534	26.945029058587238	22.73874513909662
90	22.963289398127745	27.39259912129589	26.97942123045284	22.664690250123527
>>END_MODULE
>>Per sequence GC content	pass
#GC Content	Count
0	6.0
1	5.5
2	7.5
3	7.0
4	9.0
5	15.5
6	18.0
7	16.5
8	26.0
9	34.0
10	30.0
11	42.0
12	66.5
13	82.0
14	98.0
15	136.0
16	189.0
17	265.0
18	373.5
19	546.5
20	659.0
21	764.0
22	1008.5
23	1364.0
24	1823.0
25	2269.0
26	2865.5
27	3606.0
28	4337.0
29	5192.0
30	5663.0
31	6036.0
32	6978.5
33	8206.5
34	9521.0
35	10701.0
36	11622.0
37	12450.0
38	12910.0
39	13165.5
40	13392.0
41	13453.0
42	13441.0
43	13276.0
44	13312.0
45	13385.0
46	13220.0
47	13187.0
48	13263.0
49	13091.0
50	12920.0
51	12653.5
52	12175.0
53	11832.5
54	11455.5
55	11246.5
56	10986.0
57	10515.0
58	10094.5
59	9231.5
60	8616.0
61	8115.0
62	7017.5
63	5733.5
64	4466.5
65	3477.5
66	2605.0
67	1867.0
68	1336.5
69	970.0
70	859.0
71	717.5
72	483.0
73	348.5
74	239.0
75	138.5
76	104.0
77	78.5
78	48.0
79	33.5
80	26.0
81	22.0
82	14.0
83	10.0
84	7.5
85	2.5
86	0.5
87	1.5
88	1.0
89	0.0
90	0.0
91	0.0
92	0.0
93	0.0
94	0.0
95	0.0
96	0.0
97	0.0
98	0.0
99	0.0
100	0.0
>>END_MODULE
>>Per base N content	pass
#Base	N-Count
1	0.007745395495918977
2	0.006142899876073672
3	0.0
4	0.006409982479381223
5	0.006409982479381223
6	0.0
7	0.0010683304132302037
8	0.0
9	0.0
10-11	0.0
12-13	0.0
14-15	0.0
16-17	0.0
18-19	0.0
20-21	0.0
22-23	8.012478099226529E-4
24-25	4.0062390496132643E-4
26-27	0.0
28-29	0.0
30-31	0.0
32-33	0.0
34-35	0.0
36-37	0.0
38-39	0.0
40-41	0.0
42-43	0.0
44-45	0.0
46-47	0.0
48-49	0.0
50-51	2.670826033075509E-4
52-53	0.0
54-55	0.0
56-57	0.0
58-59	0.0
60-61	0.0
62-63	0.0
64-65	0.0
66-67	0.0
68-69	2.670826033075509E-4
70-71	0.0
72-73	0.0024037434297679585
74-75	1.3354130165377546E-4
76-77	0.0
78-79	1.3354130165377546E-4
80-81	0.0
82-83	0.0
84-85	0.0
86-87	0.0
88-89	0.0
90	2.670826033075509E-4
>>END_MODULE
>>Sequence Length Distribution	pass
#Length	Count
90	374416.0
>>END_MODULE
>>Sequence Duplication Levels	pass
#Total Deduplicated Percentage	93.94415528732628
#Duplication Level	Percentage of total
1	89.0839666024887
2	8.277544370257866
3	1.5529659607427688
4	0.4778650219226187
5	0.17109032446808228
6	0.09784955519940679
7	0.054497246909585406
8	0.05797981868323797
9	0.03825039643537105
>10	0.18799070289235703
>50	0.0
>100	0.0
>500	0.0
>1k	0.0
>5k	0.0
>10k+	0.0
>>END_MODULE
>>Overrepresented sequences	pass
>>END_MODULE
>>Adapter Content	pass
#Position	Illumina Universal Adapter	Illumina Small RNA 3' Adapter	Illumina Small RNA 5' Adapter	Nextera Transposase Sequence	PolyA	PolyG
1	0.0	0.0	0.0	0.0	0.0550190162813555	0.0
2	0.0	0.0	0.0	0.0	0.0665035682235802	0.0
3	0.0	0.0	0.0	0.0	0.07264646809965386	0.0
4	0.0	0.0	0.0	0.0	0.08146019400880304	0.0
5	0.0	0.0	0.0	0.0	0.09134225033118243	0.0
6	0.0	0.0	0.0	0.0	0.10175847186017692	0.0
7	0.0	2.67082603307551E-4	0.0	0.0	0.11137344557924875	0.0
8	0.0	2.67082603307551E-4	0.0	0.0	0.11992008888509038	0.0
9	0.0	2.67082603307551E-4	0.0	0.0	0.13087047562069998	0.0
10-11	0.0	2.67082603307551E-4	0.0	0.0	0.14395752318276997	1.335413016537755E-4
12-13	0.0	2.67082603307551E-4	0.0	0.0	0.1683955813854109	5.34165206615102E-4
14-15	0.0	2.67082603307551E-4	0.0	0.0	0.20084611768727834	5.34165206615102E-4
16-17	0.0	2.67082603307551E-4	0.0	0.0	0.22608542369984191	6.677065082688774E-4
18-19	0.0	2.67082603307551E-4	0.0	0.0	0.25960429041493954	8.012478099226529E-4
20-21	0.0	4.006239049613265E-4	0.0	0.0	0.30033438741934104	0.0013354130165377548
22-23	0.0	5.34165206615102E-4	0.0	0.0	0.3381265757873595	0.0016024956198453057
24-25	0.0	5.34165206615102E-4	0.0	0.0	0.37217960770907227	0.0018695782231528566
26-27	0.0	5.34165206615102E-4	0.0	0.0	0.4105059612837058	0.002136660826460408
28-29	0.0	5.34165206615102E-4	0.0	2.67082603307551E-4	0.46525789496175374	0.002270202128114183
30-31	0.0	5.34165206615102E-4	0.0	2.67082603307551E-4	0.5206775351480706	0.0026708260330755096
32-33	0.0	6.677065082688774E-4	0.0	2.67082603307551E-4	0.5826406991154225	0.0028043673347292854
34-35	0.0	8.012478099226529E-4	0.0	2.67082603307551E-4	0.6352559719670099	0.0029379086363830608
36-37	0.0	8.012478099226529E-4	0.0	2.67082603307551E-4	0.6874706209136362	0.003071449938036836
38-39	0.0	8.012478099226529E-4	0.0	2.67082603307551E-4	0.7346107003974189	0.003338532541344387
40-41	0.0	8.012478099226529E-4	0.0	2.67082603307551E-4	0.7902974231870433	0.0034720738429981626
42-43	0.0	8.012478099226529E-4	0.0	2.67082603307551E-4	0.8509251741378574	0.0038726977479594886
44-45	0.0	8.012478099226529E-4	0.0	2.67082603307551E-4	0.9104845946754412	0.004273321652920816
46-47	0.0	8.012478099226529E-4	0.0	2.67082603307551E-4	0.9621650784154523	0.0044068629545745905
48-49	0.0	8.012478099226529E-4	0.0	2.67082603307551E-4	1.0103734883124653	0.004941028161189693
50-51	0.0	8.012478099226529E-4	0.0	2.67082603307551E-4	1.055243365668134	0.005875817272766121
52-53	0.0	8.012478099226529E-4	0.0	2.67082603307551E-4	1.1144021623007565	0.006677065082688774
54-55	0.0	8.012478099226529E-4	0.0	2.67082603307551E-4	1.1740951241399942	0.007878936797572754
56-57	0.0	8.012478099226529E-4	0.0	2.67082603307551E-4	1.2240395709585061	0.008413102004187855
58-59	0.0	8.012478099226529E-4	0.0	2.67082603307551E-4	1.2725150634588265	0.009080808512456733
60-61	0.0	8.012478099226529E-4	0.0	2.67082603307551E-4	1.3228601341822999	0.011351010640570917
62-63	0.0	8.012478099226529E-4	0.0	2.67082603307551E-4	1.371068544079313	0.012552882355454896
64-65	0.0	8.012478099226529E-4	0.0	2.67082603307551E-4	1.4163390453399427	0.014956625785222853
66-67	0.0	8.012478099226529E-4	0.0	2.67082603307551E-4	1.4686872355882228	0.01629203880176061
68-69	0.0	8.012478099226529E-4	0.0	2.67082603307551E-4	1.527979573522499	0.018161617024913465
70-71	0.0	8.012478099226529E-4	0.0	2.67082603307551E-4	1.5919458570146574	0.020031195248066323
72-73	0.0	8.012478099226529E-4	0.0	2.67082603307551E-4	1.6478996624075894	0.02190077347121918
74-75	0.0	8.012478099226529E-4	0.0	2.67082603307551E-4	1.6982447331310628	0.02336972778941071
76-77	0.0	8.012478099226529E-4	0.0	2.67082603307551E-4	1.7480556386479211	0.024972223409256013
78-79	0.0	8.012478099226529E-4	0.0	2.67082603307551E-4	1.7906553138754755	0.026975342934062646
>>END_MODULE
