##FastQC	0.12.1
>>Basic Statistics	pass
#Measure	Value
Filename	daughter.chr22.1.fq
File type	Conventional base calls
Encoding	Illumina 1.5
Total Sequences	374416
Total Bases	33.6 Mbp
Sequences flagged as poor quality	0
Sequence length	90
%GC	45
>>END_MODULE
>>Per base sequence quality	pass
#Base	Mean	Median	Lower Quartile	Upper Quartile	10th Percentile	90th Percentile
1	32.88487671467031	34.0	31.0	34.0	31.0	34.0
2	33.11272755437802	34.0	33.0	34.0	31.0	34.0
3	33.162399576941155	34.0	33.0	34.0	31.0	34.0
4	36.51239263279347	37.0	37.0	37.0	35.0	37.0
5	36.45560285885219	37.0	37.0	37.0	35.0	37.0
6	36.45696498012905	37.0	37.0	37.0	35.0	37.0
7	36.42899608991069	37.0	37.0	37.0	35.0	37.0
8	36.427567197982995	37.0	37.0	37.0	35.0	37.0
9	38.23747115507884	39.0	39.0	39.0	37.0	39.0
10-11	38.216853713516514	39.0	39.0	39.0	37.0	39.0
12-13	38.175210194008805	39.0	39.0	39.0	37.0	39.0
14-15	39.69298854749797	41.0	40.0	41.0	37.0	41.0
16-17	39.66107484722875	41.0	40.0	41.0	37.0	41.0
18-19	39.59779630144011	41.0	40.0	41.0	37.0	41.0
20-21	39.527647055681385	41.0	39.0	41.0	37.0	41.0
22-23	39.42544923293876	41.0	39.0	41.0	36.5	41.0
24-25	39.33148556685612	40.5	39.0	41.0	36.0	41.0
26-27	39.16777862057177	40.0	39.0	41.0	36.0	41.0
28-29	39.01990967266356	40.0	38.5	41.0	36.0	41.0
30-31	38.94562465279262	40.0	38.0	41.0	35.5	41.0
32-33	38.98462806076663	40.0	38.0	41.0	35.5	41.0
34-35	39.122926103585314	40.0	39.0	41.0	36.0	41.0
36-37	39.126937684287	40.0	39.0	41.0	36.0	41.0
38-39	39.0626776099312	40.0	39.0	41.0	35.0	41.0
40-41	38.95912434297679	40.0	38.0	41.0	35.0	41.0
42-43	38.86101555489082	40.0	38.0	41.0	35.0	41.0
44-45	38.74427107815905	40.0	38.0	41.0	35.0	41.0
46-47	38.59151184778428	40.0	38.0	41.0	34.0	41.0
48-49	38.37804474167771	40.0	38.0	41.0	34.0	41.0
50-51	38.13490609375668	40.0	37.5	41.0	33.0	41.0
52-53	37.922037252681505	40.0	37.0	41.0	33.0	41.0
54-55	37.67653225289518	40.0	37.0	41.0	33.0	41.0
56-57	37.38890966198026	39.0	36.0	41.0	32.5	41.0
58-59	37.02007125763856	39.0	35.5	40.5	31.5	41.0
60-61	36.66905527541558	39.0	35.0	40.0	31.0	41.0
62-63	36.30606998632537	38.0	35.0	40.0	31.0	41.0
64-65	35.92753247724457	38.0	35.0	40.0	30.0	41.0
66-67	35.47987399042776	37.0	34.0	40.0	29.5	41.0
68-69	35.016971764027176	36.5	34.0	39.0	29.0	41.0
70-71	34.565341758899194	36.0	34.0	39.0	28.5	40.5
72-73	34.1213583287039	35.5	33.5	38.5	28.0	40.0
74-75	33.61877831075596	35.0	33.0	37.5	27.0	39.5
76-77	32.52049725439083	34.5	31.5	36.0	26.5	39.0
78-79	33.12127286227084	35.0	33.0	37.0	27.0	39.0
80-81	32.916988056065975	35.0	33.0	36.0	27.0	39.0
82-83	32.49278342805863	35.0	33.0	36.0	26.0	37.0
84-85	32.020406446305714	35.0	32.5	35.5	25.5	37.0
86-87	31.55441140335883	35.0	32.0	35.0	25.0	36.5
88-89	31.048544933977183	34.0	32.0	35.0	23.5	36.0
90	30.64223751121747	34.0	32.0	35.0	20.0	36.0
>>END_MODULE
>>Per tile sequence quality	fail
#Tile	Base	Mean
0	1	15.653664968380674
0	2	15.42254215705092
0	3	15.383105364528156
0	4	12.12868196389067
0	5	12.175558416617847
0	6	12.175091414363806
0	7	12.20608482958621
0	8	12.2118542978954
0	9	10.46719463589909
0	10-11	10.47694656976293
0	12-13	10.51291721109071
0	14-15	9.044560404716819
0	16-17	9.066726743207163
0	18-19	9.127445215045
0	20-21	9.191733958204182
0	22-23	9.31165750797311
0	24-25	9.3976517571841
0	26-27	9.558906849820907
0	28-29	9.684507203800024
0	30-31	9.764300830846217
0	32-33	9.724009890494585
0	34-35	9.593515306842612
0	36-37	9.596438404025427
0	38-39	9.644706138179139
0	40-41	9.740772192340046
0	42-43	9.833450047567368
0	44-45	9.960107266877614
0	46-47	10.111635060254926
0	48-49	10.326308047490762
0	50-51	10.558196581889987
0	52-53	10.75845683541013
0	54-55	11.004203996942252
0	56-57	11.284579521297552
0	58-59	11.65111788833547
0	60-61	11.983313480181025
0	62-63	12.349210948276578
0	64-65	12.725209207898857
0	66-67	13.15452216535509
0	68-69	13.599186034200947
0	70-71	14.066427736727235
0	72-73	14.498164679370312
0	74-75	14.987076777866491
0	76-77	16.034041624185924
0	78-79	15.473277294102239
0	80-81	15.63869536283223
0	82-83	16.04170260842924
0	84-85	16.509709770152448
0	86-87	17.008273806016287
0	88-89	17.48158040462472
0	90	17.89922020972599
1101	1	-0.24972728104297204
1101	2	-0.2869759020115481
1101	3	-0.2661426319588358
1101	4	-0.23897639597320364
1101	5	-0.2634579408308326
1101	6	-0.2291241965704387
1101	7	-0.21997730676245908
1101	8	-0.24538579432108776
1101	9	-0.10707257235647916
1101	10-11	-0.11823402086172052
1101	12-13	-0.13676991153526785
1101	14-15	-0.08174325100829094
1101	16-17	-0.026148435187828056
1101	18-19	-0.04815034978099675
1101	20-21	-0.04336319845407388
1101	22-23	-0.07817672190942915
1101	24-25	0.004359408957071764
1101	26-27	-0.021892359752037294
1101	28-29	-0.10312041723411625
1101	30-31	-0.025083294743858175
1101	32-33	0.0035136779575353216
1101	34-35	-0.026585692169355468
1101	36-37	-0.03864777447935097
1101	38-39	-0.05130879210958739
1101	40-41	-0.05157603468816774
1101	42-43	-0.0850920536512092
1101	44-45	-0.07189405050080211
1101	46-47	-0.057373612486316006
1101	48-49	-0.007153364299774978
1101	50-51	-0.06124572791350147
1101	52-53	-0.10585318764399432
1101	54-55	-0.07522294344637714
1101	56-57	-0.07490011422775211
1101	58-59	6.622949662684618E-4
1101	60-61	-0.09792485553090557
1101	62-63	-0.119226860483991
1101	64-65	-0.11412551600058407
1101	66-67	-0.20133467952359752
1101	68-69	-0.11752271538737347
1101	70-71	-0.16537597388864356
1101	72-73	-0.23572488040573347
1101	74-75	-0.23572484690022577
1101	76-77	-0.2328921775486279
1101	78-79	-0.21379044110469891
1101	80-81	-0.34011680096181607
1101	82-83	-0.400771867363936
1101	84-85	-0.42085340912079516
1101	86-87	-0.3831522561200593
1101	88-89	-0.44250566409852254
1101	90	-0.45087310457854457
1102	1	-0.3303167249831702
1102	2	-0.350341138143591
1102	3	-0.3611738116732184
1102	4	-0.30552856242511695
1102	5	-0.2855399815514872
1102	6	-0.2739932538284151
1102	7	-0.21039114295383854
1102	8	-0.2000450156057454
1102	9	-0.13463602771646777
1102	10-11	-0.21041040964210822
1102	12-13	-0.15699125572851358
1102	14-15	-0.048116940820939647
1102	16-17	-0.05970346274249749
1102	18-19	-0.12970581470328568
1102	20-21	-0.12806009213906577
1102	22-23	-0.093090775779757
1102	24-25	-0.11550613755274242
1102	26-27	-0.1670656902248595
1102	28-29	-0.12298707537618014
1102	30-31	-0.14302182361602434
1102	32-33	-0.033427180443631244
1102	34-35	-0.04378446432443894
1102	36-37	-0.02369889574573847
1102	38-39	-0.03435564671788427
1102	40-41	-0.1413788374082401
1102	42-43	-0.07473073046466538
1102	44-45	-0.057055204518263736
1102	46-47	-0.05484091228511545
1102	48-49	0.09375656007657795
1102	50-51	0.02444372147809304
1102	52-53	-0.07449510966996087
1102	54-55	-0.10935435546049632
1102	56-57	-0.15964244666583483
1102	58-59	-0.21787524667597324
1102	60-61	-0.18087416283957225
1102	62-63	-0.1851139945151843
1102	64-65	-0.1457862154421008
1102	66-67	-0.1535441962009756
1102	68-69	-0.4045325012681573
1102	70-71	-0.17441894519495804
1102	72-73	-0.30875751742602375
1102	74-75	-0.4285410711037656
1102	76-77	-0.37785768931522057
1102	78-79	-0.5241483351883787
1102	80-81	-0.5386501749252091
1102	82-83	-0.5318099773831193
1102	84-85	-0.5766746692068203
1102	86-87	-0.587263951420784
1102	88-89	-0.5338658196315755
1102	90	-0.5006653737980393
1103	1	-0.29370345267195574
1103	2	-0.3411317335579582
1103	3	-0.3289689388774164
1103	4	-0.318170461289931
1103	5	-0.3001897773966036
1103	6	-0.2593771098879998
1103	7	-0.27482332314856706
1103	8	-0.30723754936982317
1103	9	-0.20359999774383652
1103	10-11	-0.26866746532478913
1103	12-13	-0.17284130284117794
1103	14-15	-0.20414960560309936
1103	16-17	-0.10922784915609896
1103	18-19	-0.12694074986728054
1103	20-21	-0.14624333797745237
1103	22-23	-0.1511907892405162
1103	24-25	-0.1498198630429428
1103	26-27	-0.0334564112730007
1103	28-29	-0.051818905591105135
1103	30-31	-0.059744576790521364
1103	32-33	-0.14337917039293302
1103	34-35	-0.19802236085605074
1103	36-37	-0.08416015118613274
1103	38-39	-0.24177476997359548
1103	40-41	-0.10339705430597945
1103	42-43	-0.12114231569373146
1103	44-45	-0.029572815681724762
1103	46-47	-0.15668279320225054
1103	48-49	-0.21858359337610977
1103	50-51	-0.28339268539587437
1103	52-53	-0.3266824834753237
1103	54-55	-0.37556896487405567
1103	56-57	-0.6292491680729313
1103	58-59	-0.512452803098995
1103	60-61	-0.6013098428323929
1103	62-63	-0.5563618071413785
1103	64-65	-0.8021385733188922
1103	66-67	-0.7206068336129192
1103	68-69	-0.7898748533119502
1103	70-71	-0.6146868143563609
1103	72-73	-0.6855298510734471
1103	74-75	-0.7884650177991404
1103	76-77	-0.9215827308192317
1103	78-79	-0.7950405593549377
1103	80-81	-0.9665677950625096
1103	82-83	-0.9985450695893334
1103	84-85	-0.9066988985782025
1103	86-87	-1.0139140164811344
1103	88-89	-1.088079038099739
1103	90	-0.9150212763421237
1104	1	-0.2990377343220274
1104	2	-0.31973583522707116
1104	3	-0.4122614308386403
1104	4	-0.3211249859162777
1104	5	-0.30224081118138457
1104	6	-0.2785765393041473
1104	7	-0.29198466848328763
1104	8	-0.35088701484590956
1104	9	-0.18821076950631266
1104	10-11	-0.1572233144069486
1104	12-13	-0.2370827889092908
1104	14-15	-0.34395310879669694
1104	16-17	-0.2542192027387884
1104	18-19	-0.22631926371947486
1104	20-21	-0.2532467367765179
1104	22-23	-0.3022421059265099
1104	24-25	-0.28188492235258167
1104	26-27	-0.28327461736055426
1104	28-29	-0.1417476224548011
1104	30-31	-0.22604665950127156
1104	32-33	-0.15871211722742373
1104	34-35	-0.10146538813808803
1104	36-37	-0.08840715582012848
1104	38-39	-0.16417417070116613
1104	40-41	-0.2404054138375642
1104	42-43	-0.20419474007742622
1104	44-45	-0.2889274821571348
1104	46-47	-0.17263134901148192
1104	48-49	-0.3020703308876165
1104	50-51	-0.31969917100576595
1104	52-53	-0.17204509509180355
1104	54-55	-0.32301608027782436
1104	56-57	-0.27671391499588793
1104	58-59	-0.2533222661046821
1104	60-61	-0.44043169356415035
1104	62-63	-0.699051599985971
1104	64-65	-0.4273004446107933
1104	66-67	-0.5539720431391189
1104	68-69	-0.5190572090422947
1104	70-71	-0.5966996764001777
1104	72-73	-0.5274144712088358
1104	74-75	-0.6292359634462485
1104	76-77	-0.4360355958912905
1104	78-79	-0.49486942404448087
1104	80-81	-0.6431579190210499
1104	82-83	-0.4891854224587888
1104	84-85	-0.5260045155618371
1104	86-87	-0.6447184719759882
1104	88-89	-0.7486319505876367
1104	90	-0.6113975508917697
1105	1	-0.28010986605641364
1105	2	-0.32201791863498386
1105	3	-0.28009236489474176
1105	4	-0.29988946468075994
1105	5	-0.2028711008845221
1105	6	-0.2336124645387514
1105	7	-0.25370703417916474
1105	8	-0.2394229017261722
1105	9	-0.23479211906779796
1105	10-11	-0.2103760414007425
1105	12-13	-0.10297682864438684
1105	14-15	-0.12242161988110212
1105	16-17	-0.07849558413436597
1105	18-19	-0.11143841787836806
1105	20-21	-0.1370266851260027
1105	22-23	-0.19780322996444966
1105	24-25	-0.1217427555878956
1105	26-27	-0.15632493825856386
1105	28-29	-0.1016801188111387
1105	30-31	-0.047903521093239476
1105	32-33	-0.051297583488384646
1105	34-35	-0.1865225361091376
1105	36-37	-0.15427115131988955
1105	38-39	-0.23230426863259623
1105	40-41	-0.29896290699770134
1105	42-43	-0.16796906312326598
1105	44-45	-0.19836009357649687
1105	46-47	-0.1433318271622923
1105	48-49	-0.16328514077792278
1105	50-51	-0.08040322889524987
1105	52-53	-0.16774940867691157
1105	54-55	-0.13534188763674138
1105	56-57	-0.1813618221272364
1105	58-59	-0.07830500665033213
1105	60-61	-0.1396761130072406
1105	62-63	-0.0769952958104625
1105	64-65	-0.1967397041162826
1105	66-67	-0.09003791033081399
1105	68-69	0.008835986897260284
1105	70-71	-0.2410462462434424
1105	72-73	-0.3126205618785036
1105	74-75	-0.3085712826822373
1105	76-77	-0.2668098422284544
1105	78-79	-0.2561456008835705
1105	80-81	-0.23594985949511482
1105	82-83	-0.24259256659441064
1105	84-85	-0.2703280727993018
1105	86-87	-0.3408274238796416
1105	88-89	-0.2681830769268423
1105	90	-0.41298414221346036
1106	1	-0.34262101119221455
1106	2	-0.38618579095279415
1106	3	-0.345771144292641
1106	4	-0.25850466563579033
1106	5	-0.23112682015095487
1106	6	-0.2705910368896767
1106	7	-0.29437942296718234
1106	8	-0.29696650061899277
1106	9	-0.19575801034046236
1106	10-11	-0.28071359736799195
1106	12-13	-0.28513292818505676
1106	14-15	-0.19406540772514802
1106	16-17	-0.16447102838058214
1106	18-19	-0.19799582488072076
1106	20-21	-0.2126300157976715
1106	22-23	-0.12334713455242508
1106	24-25	-0.1761643988047581
1106	26-27	-0.2112881362515182
1106	28-29	-0.22217803296878458
1106	30-31	-0.1642042759318727
1106	32-33	-0.15899846605137213
1106	34-35	-0.16693037560863644
1106	36-37	-0.14868694416399109
1106	38-39	-0.19048420536775268
1106	40-41	-0.14641443718642222
1106	42-43	-0.1609789217919655
1106	44-45	-0.15642012402303607
1106	46-47	-0.30247821736810465
1106	48-49	-0.29857588937088764
1106	50-51	-0.186928766299431
1106	52-53	-0.25407798353137423
1106	54-55	-0.20424539952942666
1106	56-57	-0.3848726606894459
1106	58-59	-0.3651309510331444
1106	60-61	-0.2771322022702236
1106	62-63	-0.3597027007484854
1106	64-65	-0.38435439470095645
1106	66-67	-0.4076876767990427
1106	68-69	-0.5925502703487311
1106	70-71	-0.28315443597471557
1106	72-73	-0.01622714978474704
1106	74-75	-0.29890279502116357
1106	76-77	-0.6001273637435105
1106	78-79	-0.5866112852849525
1106	80-81	-0.315343634382252
1106	82-83	-0.5195787286181144
1106	84-85	-0.5181453830508929
1106	86-87	-0.39980418841268417
1106	88-89	-0.6804437365080567
1106	90	-0.7135931607475499
1107	1	-0.5365079160597261
1107	2	-0.45097922602460017
1107	3	-0.4849565099031423
1107	4	-0.32900684411660563
1107	5	-0.2648419473493959
1107	6	-0.2807775574287348
1107	7	-0.31074865540013974
1107	8	-0.28587090683617333
1107	9	-0.4181556825722481
1107	10-11	-0.19775770685217253
1107	12-13	-0.24777432667089272
1107	14-15	-0.18837863076998929
1107	16-17	-0.1775862686217735
1107	18-19	-0.2565402262652867
1107	20-21	-0.27505403087680236
1107	22-23	-0.25658635007966524
1107	24-25	-0.342111664107982
1107	26-27	-0.19223054781330262
1107	28-29	-0.24224438855666364
1107	30-31	-0.2839248288444125
1107	32-33	-0.14314206582934474
1107	34-35	-0.2931998887897791
1107	36-37	-0.15788370698458465
1107	38-39	-0.12462962160248026
1107	40-41	-0.13365910884284915
1107	42-43	-0.10786023450724258
1107	44-45	-0.2509937340323063
1107	46-47	-0.19273254666045148
1107	48-49	-0.2009894957303473
1107	50-51	-0.24753590218644206
1107	52-53	-0.06365417459896605
1107	54-55	-0.0936121996000594
1107	56-57	-0.08530218934848932
1107	58-59	-0.18191213896206904
1107	60-61	-0.08220062354963886
1107	62-63	-0.1221266313412599
1107	64-65	-0.07233401321124688
1107	66-67	-0.025641619904234858
1107	68-69	-0.054590125944635304
1107	70-71	-0.09280793206256988
1107	72-73	-0.010479542649704854
1107	74-75	0.0917173602140764
1107	76-77	0.13549749315772175
1107	78-79	-0.08268266950103254
1107	80-81	0.06135232370575494
1107	82-83	0.0758245374556239
1107	84-85	0.12663424694953562
1107	86-87	0.030566799646859266
1107	88-89	0.046184590248014246
1107	90	-0.22634848909111582
1108	1	-0.5919180704885818
1108	2	-0.4157970655639218
1108	3	-0.4693681337050606
1108	4	-0.39163605731074114
1108	5	-0.3403426434528214
1108	6	-0.3240251934100442
1108	7	-0.3628197640533628
1108	8	-0.3597004724226238
1108	9	-0.36672762558500693
1108	10-11	-0.31059759984837854
1108	12-13	-0.28787784191282384
1108	14-15	-0.19793076136092225
1108	16-17	-0.2389269670401859
1108	18-19	-0.21796114537902866
1108	20-21	-0.20711763190182353
1108	22-23	-0.27491493018943913
1108	24-25	-0.22381467391130627
1108	26-27	-0.1924182385183144
1108	28-29	-0.3583373191681716
1108	30-31	-0.300186801662619
1108	32-33	-0.32015972081283905
1108	34-35	-0.1728274493411348
1108	36-37	-0.25824357477316084
1108	38-39	-0.2850641798420597
1108	40-41	-0.3868779843383976
1108	42-43	-0.3229103764608965
1108	44-45	-0.3764651712849343
1108	46-47	-0.26954868532811105
1108	48-49	-0.20991103378131726
1108	50-51	-0.20637938984145876
1108	52-53	-0.27908733420117926
1108	54-55	-0.39067232814608843
1108	56-57	-0.3218692419533298
1108	58-59	-0.19693864876700218
1108	60-61	-0.32543210285784596
1108	62-63	-0.10794452875522609
1108	64-65	-0.27214061542269974
1108	66-67	-0.15864037881452475
1108	68-69	-0.134471209615306
1108	70-71	-0.1632542420713463
1108	72-73	-0.19794839483463278
1108	74-75	-0.2037359429815666
1108	76-77	-0.20977463023103837
1108	78-79	-0.21002659282356007
1108	80-81	-0.3233187714433896
1108	82-83	-0.09213131383224749
1108	84-85	-0.20142097189702213
1108	86-87	-0.45418202437240396
1108	88-89	-0.6579955671067275
1108	90	-0.6007797902740108
1109	1	-0.3965477975767726
1109	2	-0.3527769918852499
1109	3	-0.41859676313141847
1109	4	-0.30110527015187927
1109	5	-0.3052926472119424
1109	6	-0.31086603244470723
1109	7	-0.35561729807336206
1109	8	-0.29452868082800165
1109	9	-0.22727344920729564
1109	10-11	-0.23752151534345955
1109	12-13	-0.2300615123135472
1109	14-15	-0.18735448890019768
1109	16-17	-0.1996562355162439
1109	18-19	-0.1823420189975593
1109	20-21	-0.2482660417958158
1109	22-23	-0.1491935558566766
1109	24-25	-0.09766739175207562
1109	26-27	-0.047050596987602944
1109	28-29	-0.15932258343401884
1109	30-31	-0.11782682872824779
1109	32-33	-0.1108837265266942
1109	34-35	-0.24563362932760668
1109	36-37	-0.12611478746393345
1109	38-39	-0.11486832990596696
1109	40-41	-0.17880227574506335
1109	42-43	-0.11250739924113873
1109	44-45	0.0030859902818747287
1109	46-47	-0.050918131234439556
1109	48-49	0.12758464323544416
1109	50-51	0.04245190103892327
1109	52-53	-0.08367082416434357
1109	54-55	0.02931037992097174
1109	56-57	-0.09329281912798137
1109	58-59	-0.19909487762198097
1109	60-61	-0.06349503045727545
1109	62-63	-0.12781032831916406
1109	64-65	-0.14883334529262982
1109	66-67	-0.10505230273001587
1109	68-69	0.02812220441371238
1109	70-71	-0.19442332710255528
1109	72-73	-0.03162255467223929
1109	74-75	-0.09334875404840659
1109	76-77	-0.11659667368641635
1109	78-79	-0.036935471855208846
1109	80-81	-0.032793998869898644
1109	82-83	-0.043829306464381546
1109	84-85	0.04970977015244671
1109	86-87	0.1691248698460761
1109	88-89	0.21987827696514373
1109	90	0.2702840395132249
1110	1	-0.5632126687501255
1110	2	-0.5116350581389568
1110	3	-0.45402543715960775
1110	4	-0.35148681248063696
1110	5	-0.36452597156780797
1110	6	-0.47047820588935707
1110	7	-0.47492782864163985
1110	8	-0.4016478118092408
1110	9	-0.3404003008097689
1110	10-11	-0.3141926707433953
1110	12-13	-0.3794878522004268
1110	14-15	-0.3052286248190512
1110	16-17	-0.34804118928229144
1110	18-19	-0.33458010141069394
1110	20-21	-0.3226120333570037
1110	22-23	-0.30775177472731485
1110	24-25	-0.3162722934488116
1110	26-27	-0.334764036255045
1110	28-29	-0.3808936400818368
1110	30-31	-0.4314797598710882
1110	32-33	-0.38147534157292284
1110	34-35	-0.3794804737481101
1110	36-37	-0.4077810052572701
1110	38-39	-0.42153858755926166
1110	40-41	-0.29678055027599015
1110	42-43	-0.37414488914149047
1110	44-45	-0.4761796529536042
1110	46-47	-0.45714131105309264
1110	48-49	-0.39689870356409074
1110	50-51	-0.470073460304107
1110	52-53	-0.37487649792321065
1110	54-55	-0.3396778595978276
1110	56-57	-0.42512512005266245
1110	58-59	-0.4602745167278144
1110	60-61	-0.2901042413379642
1110	62-63	-0.3102827226095002
1110	64-65	-0.3528498638310964
1110	66-67	-0.36573099920187246
1110	68-69	-0.5020797885838633
1110	70-71	-0.5255553856356343
1110	72-73	-0.43938806324572255
1110	74-75	-0.5762143613740136
1110	76-77	-0.5279836922697712
1110	78-79	-0.6090011869104188
1110	80-81	-0.46299240088085014
1110	82-83	-0.38867713840620155
1110	84-85	-0.32193579946780204
1110	86-87	-0.23940551887822537
1110	88-89	-0.0517529287086127
1110	90	0.02664637006354198
1111	1	-0.5928428376998482
1111	2	-0.5486985989063555
1111	3	-0.531438596030597
1111	4	-0.42596059979051404
1111	5	-0.40702169841912905
1111	6	-0.3910548469344661
1111	7	-0.3830688269462499
1111	8	-0.3838729001325376
1111	9	-0.4161250025561287
1111	10-11	-0.45238785916065183
1111	12-13	-0.38930135916401554
1111	14-15	-0.3929909510761149
1111	16-17	-0.41108755424559007
1111	18-19	-0.4222671925145747
1111	20-21	-0.41097762766270307
1111	22-23	-0.32597601708852153
1111	24-25	-0.42732770049872926
1111	26-27	-0.39959766948886966
1111	28-29	-0.5143424264382617
1111	30-31	-0.39634008944959476
1111	32-33	-0.4847000519869269
1111	34-35	-0.391694224792559
1111	36-37	-0.4310883009868931
1111	38-39	-0.4958033112867639
1111	40-41	-0.44821712565502025
1111	42-43	-0.4685220148812732
1111	44-45	-0.23956405604761244
1111	46-47	-0.3723419323498405
1111	48-49	-0.5323608103564013
1111	50-51	-0.4052380935413993
1111	52-53	-0.3430222114263586
1111	54-55	-0.36843363658280737
1111	56-57	-0.4150918016276748
1111	58-59	-0.42242360714521965
1111	60-61	-0.49737674167599977
1111	62-63	-0.5209616071876795
1111	64-65	-0.5870340131364742
1111	66-67	-0.6840152216621647
1111	68-69	-0.6444458474753034
1111	70-71	-0.7339009403475387
1111	72-73	-0.6226241456091444
1111	74-75	-0.6275493519609512
1111	76-77	-0.47664038074422876
1111	78-79	-0.5612337987490363
1111	80-81	-0.5601542674060624
1111	82-83	-0.5803187555806204
1111	84-85	-0.5584907228631621
1111	86-87	-0.474059801214608
1111	88-89	-0.5952478616037133
1111	90	-0.6052991000521537
1112	1	-0.6396468769053882
1112	2	-0.6250001475421527
1112	3	-0.5153636121035916
1112	4	-0.4821157798643654
1112	5	-0.4594133803201075
1112	6	-0.47921962512047855
1112	7	-0.439362390397676
1112	8	-0.49483385681853775
1112	9	-0.4465845744151693
1112	10-11	-0.45738058575680896
1112	12-13	-0.46452033927189973
1112	14-15	-0.4078972906901157
1112	16-17	-0.47678655252208557
1112	18-19	-0.40559265763832286
1112	20-21	-0.39609843502708486
1112	22-23	-0.4171901954918411
1112	24-25	-0.4637503379005139
1112	26-27	-0.5760649471170467
1112	28-29	-0.3860004513168178
1112	30-31	-0.4496395398225985
1112	32-33	-0.4887217775150816
1112	34-35	-0.4266297374764818
1112	36-37	-0.584061193073687
1112	38-39	-0.48422214546308595
1112	40-41	-0.4155533515761505
1112	42-43	-0.5581696139958865
1112	44-45	-0.3996832246614659
1112	46-47	-0.5156816198417715
1112	48-49	-0.4923865536373597
1112	50-51	-0.7113441110995353
1112	52-53	-0.5582232612860878
1112	54-55	-0.6206952778361483
1112	56-57	-0.6972899388152598
1112	58-59	-0.712701612067427
1112	60-61	-0.9421498558383092
1112	62-63	-0.9102572225533976
1112	64-65	-0.8666521941962273
1112	66-67	-0.9413682456038117
1112	68-69	-0.9261967216411122
1112	70-71	-1.066529555778807
1112	72-73	-1.0203687614032546
1112	74-75	-0.8670731012632444
1112	76-77	-0.8043951203749131
1112	78-79	-0.9191481692337788
1112	80-81	-0.9785487951049205
1112	82-83	-0.9429871578882469
1112	84-85	-0.9242144844809133
1112	86-87	-1.1134022616710624
1112	88-89	-0.9825614164872896
1112	90	-1.1781367604593456
1113	1	-0.6627601523922735
1113	2	-0.5178765224981916
1113	3	-0.5420154084187061
1113	4	-0.3576304354652038
1113	5	-0.4105929521422169
1113	6	-0.4545382152658206
1113	7	-0.5161373926360113
1113	8	-0.4982906296408345
1113	9	-0.38787782786902625
1113	10-11	-0.414357778063156
1113	12-13	-0.4677591174117026
1113	14-15	-0.36244442620105133
1113	16-17	-0.37127647740475567
1113	18-19	-0.4039557511385752
1113	20-21	-0.3879761867233569
1113	22-23	-0.3695019123167498
1113	24-25	-0.35677658420076597
1113	26-27	-0.3730577234480208
1113	28-29	-0.25591147574908746
1113	30-31	-0.36452364580434704
1113	32-33	-0.43380009340235404
1113	34-35	-0.30946375917992697
1113	36-37	-0.33109782785863473
1113	38-39	-0.2804146347677232
1113	40-41	-0.30069318608185824
1113	42-43	-0.3122826416435842
1113	44-45	-0.36477196017553126
1113	46-47	-0.45197202509129397
1113	48-49	-0.49132480275078905
1113	50-51	-0.3484056725383482
1113	52-53	-0.21376538681209212
1113	54-55	-0.31544173574695833
1113	56-57	-0.20495348997459217
1113	58-59	-0.3947758314712928
1113	60-61	-0.4631438467110911
1113	62-63	-0.6540096636396839
1113	64-65	-0.4644043186711926
1113	66-67	-0.4634327460780838
1113	68-69	-0.3480764456702232
1113	70-71	-0.218193841372603
1113	72-73	-0.3472459486490109
1113	74-75	-0.3462565554668444
1113	76-77	-0.46434806985594435
1113	78-79	-0.6700399361715128
1113	80-81	-0.5621903054447372
1113	82-83	-0.3588609986561053
1113	84-85	-0.5514818562565686
1113	86-87	-0.5106472889917661
1113	88-89	-0.5095629126055563
1113	90	-0.4163997580678931
1114	1	-0.7750160132144188
1114	2	-0.7584394380411013
1114	3	-0.6506369667601888
1114	4	-0.5200910422442959
1114	5	-0.5299630557747932
1114	6	-0.5588042911576636
1114	7	-0.5124734526223804
1114	8	-0.4798634935156443
1114	9	-0.5228360389475384
1114	10-11	-0.5176853320775621
1114	12-13	-0.4610091692773892
1114	14-15	-0.48419726399483665
1114	16-17	-0.4861873672222856
1114	18-19	-0.5497020242188029
1114	20-21	-0.6265175755381449
1114	22-23	-0.4421768478551087
1114	24-25	-0.5271948685827752
1114	26-27	-0.6009857882159011
1114	28-29	-0.48458788822451737
1114	30-31	-0.5539507028961097
1114	32-33	-0.5961588211618505
1114	34-35	-0.5763466563475745
1114	36-37	-0.6286382830911421
1114	38-39	-0.5826711624343588
1114	40-41	-0.5241817953900139
1114	42-43	-0.6558137561136164
1114	44-45	-0.5759356779076654
1114	46-47	-0.5333035900518226
1114	48-49	-0.522618332877336
1114	50-51	-0.5238586328339352
1114	52-53	-0.35849101735060174
1114	54-55	-0.565581279131365
1114	56-57	-0.5098990063098157
1114	58-59	-0.5547870196399955
1114	60-61	-0.6087110596962759
1114	62-63	-0.5668166590853829
1114	64-65	-0.7690392583588164
1114	66-67	-0.6338213929271177
1114	68-69	-0.6170716345107081
1114	70-71	-0.5305814657267547
1114	72-73	-0.8085837868873611
1114	74-75	-0.7031072712132627
1114	76-77	-0.8179522408447468
1114	78-79	-0.6149128899468437
1114	80-81	-0.5998015696831018
1114	82-83	-0.6695703977057264
1114	84-85	-0.6505663034671869
1114	86-87	-0.6608212860082538
1114	88-89	-0.6779287978292707
1114	90	-0.7464853117464045
1115	1	-0.6722892300926091
1115	2	-0.5858547895139665
1115	3	-0.5924671545558127
1115	4	-0.4125394101551336
1115	5	-0.4473423467409319
1115	6	-0.46383988334611814
1115	7	-0.48322814751302445
1115	8	-0.4965426486694824
1115	9	-0.47020994425358253
1115	10-11	-0.42038167451188
1115	12-13	-0.4615102698253182
1115	14-15	-0.49246249604654224
1115	16-17	-0.32754806595314534
1115	18-19	-0.4164479147259925
1115	20-21	-0.43231184332253747
1115	22-23	-0.4650600492788044
1115	24-25	-0.3710505328922338
1115	26-27	-0.48613131811801935
1115	28-29	-0.5593859259709717
1115	30-31	-0.5219587111385167
1115	32-33	-0.5111046133222104
1115	34-35	-0.40228621987494506
1115	36-37	-0.5157753364325899
1115	38-39	-0.3957518770880384
1115	40-41	-0.46304460155307936
1115	42-43	-0.44899270052422935
1115	44-45	-0.4975263209086478
1115	46-47	-0.35935730615728545
1115	48-49	-0.4580430975474101
1115	50-51	-0.4318797539878716
1115	52-53	-0.3827645386356693
1115	54-55	-0.42365859847759424
1115	56-57	-0.42381742526733746
1115	58-59	-0.5965920353286478
1115	60-61	-0.7880605656205049
1115	62-63	-0.5920104257692174
1115	64-65	-0.6591419371393101
1115	66-67	-0.6851724911334571
1115	68-69	-0.5901269428982872
1115	70-71	-0.53853409533383
1115	72-73	-0.686186465667852
1115	74-75	-0.7003278022861821
1115	76-77	-0.7873324216156021
1115	78-79	-0.5538219425389812
1115	80-81	-0.494129064648682
1115	82-83	-0.4903584602730504
1115	84-85	-0.641435268015492
1115	86-87	-0.8360010031440162
1115	88-89	-0.6153661602607805
1115	90	-0.5740622330221008
1116	1	-0.6886773739616672
1116	2	-0.6735539390451777
1116	3	-0.6266543952316042
1116	4	-0.5927895075808038
1116	5	-0.6495166584572303
1116	6	-0.47731098803859595
1116	7	-0.5161373926360113
1116	8	-0.5786862426451407
1116	9	-0.5673398986354456
1116	10-11	-0.5977531299367698
1116	12-13	-0.5775482543747543
1116	14-15	-0.8041633190069035
1116	16-17	-0.6100750585946386
1116	18-19	-0.5084406708408835
1116	20-21	-0.5409987745285463
1116	22-23	-0.6271563058407068
1116	24-25	-0.5419128073804629
1116	26-27	-0.6314084654944097
1116	28-29	-0.5136909943981749
1116	30-31	-0.6621255955802141
1116	32-33	-0.6592483677636736
1116	34-35	-0.6392174258901235
1116	36-37	-0.5957537881667676
1116	38-39	-0.5234620299890267
1116	40-41	-0.6605040839362317
1116	42-43	-0.5043877902704708
1116	44-45	-0.352205045434701
1116	46-47	-0.46569226707239864
1116	48-49	-0.4518451056623931
1116	50-51	-0.45268930399589635
1116	52-53	-0.347023645070351
1116	54-55	-0.4233485556103034
1116	56-57	-0.34792798620996024
1116	58-59	-0.2400232528056705
1116	60-61	-0.35339823153069005
1116	62-63	-0.4886268895612602
1116	64-65	-0.5195355368458934
1116	66-67	-0.41191927608635126
1116	68-69	-0.34675991174500354
1116	70-71	-0.23875244345294533
1116	72-73	-0.19477826357262984
1116	74-75	-0.18034063955091995
1116	76-77	-0.23472714458284116
1116	78-79	-0.1307016848767404
1116	80-81	-0.07076409662722938
1116	82-83	-0.027366460639832724
1116	84-85	-0.15320314276046787
1116	86-87	-0.03677123902875579
1116	88-89	-0.47262379957948397
1116	90	-0.341020030514251
1201	1	-0.20249153334544445
1201	2	-0.26905738264988344
1201	3	-0.28893145940740084
1201	4	-0.20848719606330235
1201	5	-0.20073617486661988
1201	6	-0.16668073753492507
1201	7	-0.18862172967730828
1201	8	-0.20586722109194255
1201	9	-0.11508384511356695
1201	10-11	-0.1404297248285502
1201	12-13	-0.06590902596337855
1201	14-15	0.12050977180543043
1201	16-17	0.054643889352156805
1201	18-19	0.07738767764568877
1201	20-21	0.035232232082201165
1201	22-23	0.09301539059681829
1201	24-25	-0.022946631768718362
1201	26-27	-0.10162249425274439
1201	28-29	0.06598016122234895
1201	30-31	0.04278184350445002
1201	32-33	0.06808353836569836
1201	34-35	-0.08312450903770952
1201	36-37	-0.05546033015178864
1201	38-39	0.012945493760263105
1201	40-41	0.019828578991365475
1201	42-43	-0.010623600303745206
1201	44-45	0.07115444754504807
1201	46-47	0.061577522855614575
1201	48-49	-0.10349632535158548
1201	50-51	-0.03731550096387082
1201	52-53	-0.005064453427614524
1201	54-55	0.03815106253488665
1201	56-57	-0.19758388491649015
1201	58-59	-0.047961513275573964
1201	60-61	-0.04660596745993928
1201	62-63	-0.13467857991675203
1201	64-65	-0.08319125240033998
1201	66-67	-0.21832018217079963
1201	68-69	-0.06709704980365672
1201	70-71	-0.09122473738094072
1201	72-73	-0.33325074065270854
1201	74-75	-0.4352477330656086
1201	76-77	-0.39806424462880585
1201	78-79	-0.37482397172055215
1201	80-81	-0.3279329455682287
1201	82-83	-0.4364331798331307
1201	84-85	-0.25841451063006105
1201	86-87	-0.48309558408728037
1201	88-89	-0.5218718393338548
1201	90	-0.4816773737032385
1202	1	-0.3262079129752564
1202	2	-0.32322055481348855
1202	3	-0.3880810761498097
1202	4	-0.2992841378042428
1202	5	-0.22698395626350987
1202	6	-0.3249085856361944
1202	7	-0.25789822126125017
1202	8	-0.22882366820629585
1202	9	-0.13555960138904766
1202	10-11	-0.2222059726099559
1202	12-13	-0.22384126348556066
1202	14-15	-0.16730400206284202
1202	16-17	-0.22352749408097594
1202	18-19	-0.2025335985143215
1202	20-21	-0.15413468586361034
1202	22-23	-0.1030670682980741
1202	24-25	-0.05520841230742235
1202	26-27	-0.10634738746723116
1202	28-29	-0.20585296569149847
1202	30-31	-0.20868645728937452
1202	32-33	-0.2865833298443974
1202	34-35	-0.15065842197095236
1202	36-37	-0.1715700705508496
1202	38-39	-0.19851420080391335
1202	40-41	-0.2073210279989368
1202	42-43	-0.19991859650042443
1202	44-45	-0.2491088348173065
1202	46-47	-0.24323782110100467
1202	48-49	-0.2801538169160196
1202	50-51	-0.36235426556763883
1202	52-53	-0.5741702832339399
1202	54-55	-0.4020460030577482
1202	56-57	-0.46118319056684953
1202	58-59	-0.35258973878317335
1202	60-61	-0.4181695706664357
1202	62-63	-0.42091617036749085
1202	64-65	-0.47023570735537845
1202	66-67	-0.5229142753228757
1202	68-69	-0.6529326098668449
1202	70-71	-0.6777459920863294
1202	72-73	-0.7232336257144354
1202	74-75	-0.6919486458623254
1202	76-77	-0.6931829520852588
1202	78-79	-0.9282057567452213
1202	80-81	-1.0276181964898043
1202	82-83	-1.0255643407232995
1202	84-85	-1.0120063315424659
1202	86-87	-1.0775312787294773
1202	88-89	-1.0867458665617207
1202	90	-1.2596780953587583
1203	1	-0.15975222239500653
1203	2	-0.24517272764509812
1203	3	-0.2877541742559089
1203	4	-0.2979427740548246
1203	5	-0.2321983967993475
1203	6	-0.32700502169489454
1203	7	-0.2540828852984873
1203	8	-0.2556509431947447
1203	9	-0.16802548988707144
1203	10-11	-0.04978298998550201
1203	12-13	-0.10710375326988242
1203	14-15	-0.0670748154089722
1203	16-17	-0.15759191507375903
1203	18-19	-0.0680474474287962
1203	20-21	-0.09652599986709731
1203	22-23	-0.07094207273968323
1203	24-25	-0.03106941682009534
1203	26-27	-0.10251872669901019
1203	28-29	-0.20176114001549195
1203	30-31	-0.24775367649130686
1203	32-33	-0.17798172376117805
1203	34-35	-0.15386414808401128
1203	36-37	-0.19024922700182856
1203	38-39	-0.3663001511290318
1203	40-41	-0.22673304875009848
1203	42-43	-0.2996736421601014
1203	44-45	-0.2615908463299377
1203	46-47	-0.2552412500176118
1203	48-49	-0.315725495486177
1203	50-51	-0.3658076109821309
1203	52-53	-0.3133460996003521
1203	54-55	-0.16770375987116637
1203	56-57	-0.11793620197288845
1203	58-59	-0.33053829615090535
1203	60-61	-0.5035837944520978
1203	62-63	-0.3059253200672316
1203	64-65	-0.19460211285586126
1203	66-67	-0.4387692392570699
1203	68-69	-0.5161179490275671
1203	70-71	-0.4078909215536868
1203	72-73	-0.4468038740888076
1203	74-75	-0.5784368489678968
1203	76-77	-0.49897724373860086
1203	78-79	-0.5450665214113855
1203	80-81	-0.45249960572122916
1203	82-83	-0.7109179366441296
1203	84-85	-0.6580051145435704
1203	86-87	-0.6274704287845516
1203	88-89	-0.45133364149687694
1203	90	-0.5777189936283094
1204	1	-0.23199200253206698
1204	2	-0.2875882341226017
1204	3	-0.26784749404757235
1204	4	-0.2765336830501539
1204	5	-0.22965723032297802
1204	6	-0.2903047742018927
1204	7	-0.2252090520587231
1204	8	-0.23548772818283226
1204	9	-0.17573415045998786
1204	10-11	-0.20911160476063628
1204	12-13	-0.11697245791631161
1204	14-15	-0.03718483099029868
1204	16-17	-0.0726915115571316
1204	18-19	-0.09873332056181994
1204	20-21	0.026237468735779146
1204	22-23	-0.05243476885738119
1204	24-25	-0.07175646748992648
1204	26-27	-0.05944821537467959
1204	28-29	-0.14648577513678873
1204	30-31	-0.04111541790002349
1204	32-33	-0.05582962806108327
1204	34-35	-0.08050675935598406
1204	36-37	-0.03846631011699486
1204	38-39	-0.11557470434844674
1204	40-41	-0.13936822892374323
1204	42-43	-0.07427312194116098
1204	44-45	-0.06346344525879744
1204	46-47	-0.08044116843112903
1204	48-49	0.080570835855859
1204	50-51	0.054686050295202904
1204	52-53	-0.061001539715249464
1204	54-55	-0.11465257276687169
1204	56-57	0.11808002280206864
1204	58-59	-0.1302261437608152
1204	60-61	-0.037248204874138935
1204	62-63	-0.21147109786183194
1204	64-65	-0.387629307647785
1204	66-67	-0.22611976042224313
1204	68-69	-0.18566852949012258
1204	70-71	-0.15122522214939238
1204	72-73	-0.2365394329667012
1204	74-75	-0.43067648191284746
1204	76-77	-0.4263395192443724
1204	78-79	-0.5648370489268544
1204	80-81	-0.7023277063753923
1204	82-83	-0.6237938810391697
1204	84-85	-0.4867796982527679
1204	86-87	-0.6386670164511123
1204	88-89	-0.7676673386049693
1204	90	-0.6985731704144307
1205	1	-0.3316722750210843
1205	2	-0.34187622027068443
1205	3	-0.37642542726069905
1205	4	-0.3121782511630897
1205	5	-0.27312193528830875
1205	6	-0.2911842454602436
1205	7	-0.16537167090255167
1205	8	-0.20847805792082852
1205	9	-0.18383175706278365
1205	10-11	-0.1735910646456702
1205	12-13	-0.20800165498944523
1205	14-15	-0.21985797260478535
1205	16-17	-0.12291157546341225
1205	18-19	-0.16923122679273206
1205	20-21	-0.10445372508027617
1205	22-23	-0.20056145585876095
1205	24-25	-0.23333553509350935
1205	26-27	-0.16787711889854506
1205	28-29	-0.07746738075520909
1205	30-31	-0.12426221900715717
1205	32-33	-0.09368316913395347
1205	34-35	-0.08488156510264844
1205	36-37	-0.20072679636557922
1205	38-39	0.012741328794980689
1205	40-41	-0.09402741665311254
1205	42-43	-0.13282561225668132
1205	44-45	-0.09072362266294931
1205	46-47	-0.11661518412434901
1205	48-49	0.012036297735143364
1205	50-51	-0.08549843277276636
1205	52-53	-0.28748646859769167
1205	54-55	-0.2782984468505134
1205	56-57	-0.1386853858383219
1205	58-59	0.009377907885813386
1205	60-61	-0.08657899293725535
1205	62-63	0.02174271758254065
1205	64-65	-0.19414563081082292
1205	66-67	-0.0424475316146129
1205	68-69	-0.026424913990645393
1205	70-71	0.035635947870929385
1205	72-73	-0.06439641544884722
1205	74-75	-0.09552341763693306
1205	76-77	-0.1336025595872954
1205	78-79	-0.16748516924086942
1205	80-81	-0.12572301448937395
1205	82-83	-0.15624460564701081
1205	84-85	-0.15304682808801573
1205	86-87	-0.20873499163767306
1205	88-89	-0.323893691171957
1205	90	-0.3314738274196607
1206	1	-0.3297980666387801
1206	2	-0.3128664032603652
1206	3	-0.4087234292461659
1206	4	-0.275987296809717
1206	5	-0.28455831489966243
1206	6	-0.27043387746498837
1206	7	-0.3182342365616506
1206	8	-0.2754997877077159
1206	9	-0.13105439133826025
1206	10-11	-0.227819967202052
1206	12-13	-0.2443785087536483
1206	14-15	-0.1174045758279334
1206	16-17	-0.08016041632590998
1206	18-19	-0.18772988223126674
1206	20-21	-0.06361623634835212
1206	22-23	-0.12657206401132726
1206	24-25	-0.1573093323100636
1206	26-27	-0.1516962630195593
1206	28-29	-0.08251614250347927
1206	30-31	-0.10778088121603702
1206	32-33	-0.12375275541981523
1206	34-35	-0.11611504335193956
1206	36-37	-0.16766665434033
1206	38-39	-0.1422588423656137
1206	40-41	-0.08023948081170573
1206	42-43	-0.23999353219916486
1206	44-45	-0.2076942895426157
1206	46-47	-0.16900696309137686
1206	48-49	-0.2033612132096252
1206	50-51	-0.12906022744853374
1206	52-53	-0.05769102451205299
1206	54-55	-0.08723569177369939
1206	56-57	-0.04324149037559977
1206	58-59	-0.1066642128318449
1206	60-61	-0.08526628635594591
1206	62-63	-0.07442718401914306
1206	64-65	-0.08023826291826452
1206	66-67	0.06940543383757358
1206	68-69	0.018446734590050085
1206	70-71	-0.03619872241673505
1206	72-73	-0.11953960078533044
1206	74-75	-0.02848742446813901
1206	76-77	-0.1016587649191365
1206	78-79	-0.03742309500281493
1206	80-81	-0.12151864494986597
1206	82-83	-0.18154641880811795
1206	84-85	-0.4090645489136975
1206	86-87	-0.4143915636335187
1206	88-89	-0.2387503346748936
1206	90	-0.23307551011836836
1207	1	-0.46381354164797983
1207	2	-0.4542486738946394
1207	3	-0.48890991722924326
1207	4	-0.4042693255076131
1207	5	-0.4414425384919909
1207	6	-0.41898690464287824
1207	7	-0.3984996976344206
1207	8	-0.42520396380469805
1207	9	-0.3608855933272679
1207	10-11	-0.29812506347489176
1207	12-13	-0.34859186245275
1207	14-15	-0.24340521132902637
1207	16-17	-0.10710324724173859
1207	18-19	-0.20588811828832831
1207	20-21	-0.3034904926076649
1207	22-23	-0.3115516610813387
1207	24-25	-0.3349174882791246
1207	26-27	-0.2505487375716413
1207	28-29	-0.34271342657247317
1207	30-31	-0.28154444136009005
1207	32-33	-0.33902735878908175
1207	34-35	-0.26847132161966414
1207	36-37	-0.2550420162229017
1207	38-39	-0.28270551416088097
1207	40-41	-0.23535006171917416
1207	42-43	-0.1904276983734121
1207	44-45	-0.1693101161214301
1207	46-47	-0.33583389867534663
1207	48-49	-0.2954684568072352
1207	50-51	-0.33578622613293874
1207	52-53	-0.5357169945803193
1207	54-55	-0.49436333830129797
1207	56-57	-0.45181016351619974
1207	58-59	-0.5399040791907979
1207	60-61	-0.5396091559221219
1207	62-63	-0.40437071361454
1207	64-65	-0.6109894549473722
1207	66-67	-0.6047901555618154
1207	68-69	-0.7260288655125251
1207	70-71	-0.6986152432154569
1207	72-73	-0.8408993129888103
1207	74-75	-0.8414810062786842
1207	76-77	-0.7333891303508508
1207	78-79	-0.692434262726799
1207	80-81	-0.7700916476739792
1207	82-83	-0.8589659684570989
1207	84-85	-0.8503666386345614
1207	86-87	-1.0208570440314695
1207	88-89	-1.1005590414115751
1207	90	-1.130388195240581
1208	1	-0.47608479992331354
1208	2	-0.4671705398906951
1208	3	-0.5566536716164237
1208	4	-0.44221701664686464
1208	5	-0.4249976538177407
1208	6	-0.3494683632080182
1208	7	-0.4102265698577199
1208	8	-0.4007499653112703
1208	9	-0.3910074030258386
1208	10-11	-0.37662154886542965
1208	12-13	-0.42081772866832523
1208	14-15	-0.3280067871274781
1208	16-17	-0.38322691758987304
1208	18-19	-0.3155575653071736
1208	20-21	-0.20492961918228048
1208	22-23	-0.30604406755979596
1208	24-25	-0.1950266487473158
1208	26-27	-0.214957839706436
1208	28-29	-0.19315730037050116
1208	30-31	-0.23477238509446607
1208	32-33	-0.21713932173896922
1208	34-35	-0.26978404440854575
1208	36-37	-0.24044760153527278
1208	38-39	-0.3446358451387468
1208	40-41	-0.2814706250834931
1208	42-43	-0.3120550497449557
1208	44-45	-0.25073610661635826
1208	46-47	-0.31422221499994407
1208	48-49	-0.1171581248910698
1208	50-51	-0.19805921051037956
1208	52-53	-0.08723361871405899
1208	54-55	-0.15798321343773125
1208	56-57	-0.0356243711955031
1208	58-59	0.023685080179767226
1208	60-61	0.13437928184923464
1208	62-63	0.01417851083450472
1208	64-65	0.10843441642526841
1208	66-67	-0.030371254478090748
1208	68-69	-0.005077172471892766
1208	70-71	0.019625141731864915
1208	72-73	0.05655207510710625
1208	74-75	0.12424081864499215
1208	76-77	-0.003029738186647535
1208	78-79	0.11924578344422088
1208	80-81	0.09652668813343013
1208	82-83	0.13438101436065608
1208	84-85	-0.16730598517656148
1208	86-87	0.04812552056679564
1208	88-89	0.04691868080636752
1208	90	-0.009954952461221467
1209	1	-0.5110723423940371
1209	2	-0.5284818856917326
1209	3	-0.6213469952225097
1209	4	-0.4127249817905394
1209	5	-0.43352439727351566
1209	6	-0.43042951172702004
1209	7	-0.44306922206116184
1209	8	-0.44798541715357487
1209	9	-0.3716299411267343
1209	10-11	-0.3409519164347543
1209	12-13	-0.3348120854364538
1209	14-15	-0.3076212515610095
1209	16-17	-0.3606997928569555
1209	18-19	-0.3618691215533971
1209	20-21	-0.2673043320896724
1209	22-23	-0.3415036674498637
1209	24-25	-0.31962339864849554
1209	26-27	-0.4090361599742849
1209	28-29	-0.3243975157013068
1209	30-31	-0.39731982810302924
1209	32-33	-0.27821628938075094
1209	34-35	-0.373982466977516
1209	36-37	-0.4293852825284503
1209	38-39	-0.4563624281610217
1209	40-41	-0.3879010044542568
1209	42-43	-0.41632733444509995
1209	44-45	-0.4833477642889079
1209	46-47	-0.45559557198015455
1209	48-49	-0.6883847396864411
1209	50-51	-0.4395772382346763
1209	52-53	-0.55632499896209
1209	54-55	-0.4860008116062744
1209	56-57	-0.4375932302607737
1209	58-59	-0.5256407937660441
1209	60-61	-0.5790195563283262
1209	62-63	-0.5145468433529885
1209	64-65	-0.6007035258500295
1209	66-67	-0.7924947536119618
1209	68-69	-0.7890597360572897
1209	70-71	-0.6134475971997446
1209	72-73	-0.6273918655985185
1209	74-75	-0.6553987341548861
1209	76-77	-0.7250857133029456
1209	78-79	-0.6727601057196679
1209	80-81	-0.6426937734099809
1209	82-83	-0.6884843906802871
1209	84-85	-0.6416704613702606
1209	86-87	-0.4667929793799708
1209	88-89	-0.27888264078935165
1209	90	-0.5718394518946681
1210	1	-0.4368485216106208
1210	2	-0.48607403093863866
1210	3	-0.460236672025367
1210	4	-0.3647906209657279
1210	5	-0.3945025059234908
1210	6	-0.34971276318188416
1210	7	-0.3230709580552187
1210	8	-0.376483387048026
1210	9	-0.3752770786352855
1210	10-11	-0.29285325617266267
1210	12-13	-0.27559453825654856
1210	14-15	-0.20130556569223756
1210	16-17	-0.21612791301564016
1210	18-19	-0.3024938624136624
1210	20-21	-0.3548282698201888
1210	22-23	-0.2792911430277627
1210	24-25	-0.2677094264538411
1210	26-27	-0.26833422937839657
1210	28-29	-0.2532647718309562
1210	30-31	-0.3148984728961679
1210	32-33	-0.3852155229083678
1210	34-35	-0.2963889577352816
1210	36-37	-0.33001938535664266
1210	38-39	-0.2913251934135488
1210	40-41	-0.3279832471725683
1210	42-43	-0.30406083145787477
1210	44-45	-0.36626349030254346
1210	46-47	-0.3487652878738814
1210	48-49	-0.31337863658234966
1210	50-51	-0.3177825303815496
1210	52-53	-0.4247459496203305
1210	54-55	-0.3060658028836798
1210	56-57	-0.14927600524726614
1210	58-59	-0.38500047545912963
1210	60-61	-0.26951506638120293
1210	62-63	-0.08551490028739295
1210	64-65	-0.15425119244927288
1210	66-67	-0.16793214273890555
1210	68-69	-0.2854962982620677
1210	70-71	-0.24775851218485911
1210	72-73	-0.2629319263738168
1210	74-75	-0.3745420210891268
1210	76-77	-0.6004231277722951
1210	78-79	-0.6080978146880156
1210	80-81	-0.5427667781599368
1210	82-83	-0.5139980007961711
1210	84-85	-0.5725356606569534
1210	86-87	-0.3215782392404556
1210	88-89	-0.3352168103448214
1210	90	-0.3932079887074309
1211	1	-0.6403048808655569
1211	2	-0.5305566704197702
1211	3	-0.5289549369793818
1211	4	-0.3621053057910686
1211	5	-0.4383444309533431
1211	6	-0.38186000942178566
1211	7	-0.38771751547241706
1211	8	-0.40539863342788607
1211	9	-0.4532408749886798
1211	10-11	-0.31827956089033194
1211	12-13	-0.3346539781890243
1211	14-15	-0.28039771923627654
1211	16-17	-0.26451278778110776
1211	18-19	-0.29299029584277037
1211	20-21	-0.3564234957321659
1211	22-23	-0.3466339493133219
1211	24-25	-0.35695460797503387
1211	26-27	-0.33682179339516694
1211	28-29	-0.24514103740600035
1211	30-31	-0.31903250248711146
1211	32-33	-0.19851942273824363
1211	34-35	-0.25740596618921074
1211	36-37	-0.2502952643162857
1211	38-39	-0.25186002597497037
1211	40-41	-0.3195293151976415
1211	42-43	-0.2352266693505527
1211	44-45	-0.31794968454617134
1211	46-47	-0.3050316064117453
1211	48-49	-0.42159815016417923
1211	50-51	-0.32161916350364805
1211	52-53	-0.2771378044558688
1211	54-55	-0.2742717149505438
1211	56-57	-0.4038626897577231
1211	58-59	-0.2584298503579916
1211	60-61	-0.030505615296362976
1211	62-63	-0.20983427785407116
1211	64-65	-0.09262998808104328
1211	66-67	-0.026382357257972444
1211	68-69	-0.13071346328649014
1211	70-71	-0.20199772390928672
1211	72-73	-0.07763096552081095
1211	74-75	-0.015854545416587484
1211	76-77	-0.29007897882915046
1211	78-79	-0.09498066234667135
1211	80-81	-0.20050061706727007
1211	82-83	-0.34900090915869697
1211	84-85	-0.36466208914403353
1211	86-87	-0.15169269314619171
1211	88-89	-0.09882160542553109
1211	90	0.029035955119624646
1212	1	-0.5528841500072375
1212	2	-0.5212025952580674
1212	3	-0.4850726371511058
1212	4	-0.32303927876256466
1212	5	-0.40546593266847
1212	6	-0.38914032367146234
1212	7	-0.31616538032142927
1212	8	-0.3196318482003164
1212	9	-0.24817060339562147
1212	10-11	-0.35386787188274127
1212	12-13	-0.3972423187161809
1212	14-15	-0.35510374305816583
1212	16-17	-0.4194193525107224
1212	18-19	-0.31294101501377725
1212	20-21	-0.3846724229880891
1212	22-23	-0.348711929474419
1212	24-25	-0.4957151613717343
1212	26-27	-0.5137211938398778
1212	28-29	-0.4985322588364127
1212	30-31	-0.38473359400684615
1212	32-33	-0.4317415788588974
1212	34-35	-0.4404897309407616
1212	36-37	-0.5127135691063955
1212	38-39	-0.3116330725681351
1212	40-41	-0.32555862210159603
1212	42-43	-0.42011838232348
1212	44-45	-0.39631590692591345
1212	46-47	-0.4160727483093041
1212	48-49	-0.49652990381066786
1212	50-51	-0.4229117304525829
1212	52-53	-0.3884785130365529
1212	54-55	-0.5457540215296177
1212	56-57	-0.5202063729089943
1212	58-59	-0.5982523887426154
1212	60-61	-0.562866200759359
1212	62-63	-0.6079678930332477
1212	64-65	-0.5506094318996304
1212	66-67	-0.5532863988766508
1212	68-69	-0.4839373914917502
1212	70-71	-0.6581734387555542
1212	72-73	-0.5774020712594066
1212	74-75	-0.5334941709160432
1212	76-77	-0.5495016167880422
1212	78-79	-0.6232802205912904
1212	80-81	-0.5384666858663465
1212	82-83	-0.5934779121417151
1212	84-85	-0.6792071064218597
1212	86-87	-0.6760251024639778
1212	88-89	-0.5826513334105456
1212	90	-0.5583784468651096
1213	1	-0.5577636030478956
1213	2	-0.5970496796837708
1213	3	-0.6389354517983747
1213	4	-0.4337670157011644
1213	5	-0.4424007670556236
1213	6	-0.5155208305341503
1213	7	-0.4943233336790982
1213	8	-0.40202325312500875
1213	9	-0.4283155681825406
1213	10-11	-0.3810126139105421
1213	12-13	-0.4360623807460229
1213	14-15	-0.4660518401811373
1213	16-17	-0.530824277200999
1213	18-19	-0.42561600944479494
1213	20-21	-0.39275583771419065
1213	22-23	-0.4124241246799514
1213	24-25	-0.4737768142444665
1213	26-27	-0.401501313444399
1213	28-29	-0.46569687783262737
1213	30-31	-0.3601889650721475
1213	32-33	-0.39680643603603016
1213	34-35	-0.46485204009616865
1213	36-37	-0.34070445311743214
1213	38-39	-0.3287632495759638
1213	40-41	-0.4151461750068961
1213	42-43	-0.33389689120814126
1213	44-45	-0.45989273312238765
1213	46-47	-0.3467322866838458
1213	48-49	-0.41858991169291215
1213	50-51	-0.43853811198756176
1213	52-53	-0.5374615319368132
1213	54-55	-0.4206939622414225
1213	56-57	-0.2901143562534685
1213	58-59	-0.3092902749298361
1213	60-61	-0.44689060145162784
1213	62-63	-0.26344211294791364
1213	64-65	-0.2184642614889043
1213	66-67	-0.449151304032668
1213	68-69	-0.46326294539088764
1213	70-71	-0.5956130795992962
1213	72-73	-0.4916312389970372
1213	74-75	-0.5206783241743267
1213	76-77	-0.5182032737732598
1213	78-79	-0.4279471956936831
1213	80-81	-0.46130463716777115
1213	82-83	-0.3399300446319842
1213	84-85	-0.35886165841898077
1213	86-87	-0.35948129602452994
1213	88-89	-0.5155624525181359
1213	90	-0.32608591272299137
1214	1	-0.7068570544578279
1214	2	-0.7414056406652278
1214	3	-0.6478897415077327
1214	4	-0.5001924243638172
1214	5	-0.6352083044262002
1214	6	-0.5948922724224914
1214	7	-0.603866230772681
1214	8	-0.5719956205385301
1214	9	-0.5564595239704033
1214	10-11	-0.5903454367623553
1214	12-13	-0.6184041592192386
1214	14-15	-0.5663694484642576
1214	16-17	-0.5413482975758726
1214	18-19	-0.6001241161132356
1214	20-21	-0.6520670205886461
1214	22-23	-0.5949493435766442
1214	24-25	-0.6366059915924112
1214	26-27	-0.6653998385967057
1214	28-29	-0.718021344323958
1214	30-31	-0.6998100990069602
1214	32-33	-0.7319444325070492
1214	34-35	-0.7013460308409165
1214	36-37	-0.5874930804770244
1214	38-39	-0.7696494898795905
1214	40-41	-0.620565491183612
1214	42-43	-0.7579039491699859
1214	44-45	-0.7299416727634949
1214	46-47	-0.7101430800387121
1214	48-49	-0.6634961939448019
1214	50-51	-0.832097055956666
1214	52-53	-0.8320815006420759
1214	54-55	-0.731521941067534
1214	56-57	-0.773740217691028
1214	58-59	-0.8317532372762741
1214	60-61	-0.7389540565237098
1214	62-63	-0.8718330974004189
1214	64-65	-0.8579881819869541
1214	66-67	-0.863830200060896
1214	68-69	-0.7017927586212451
1214	70-71	-0.8850404525060469
1214	72-73	-0.6229609323752001
1214	74-75	-0.7898400247436257
1214	76-77	-0.8721573970212546
1214	78-79	-0.7608173225372425
1214	80-81	-0.7936048002999101
1214	82-83	-1.0357851566604808
1214	84-85	-0.9038301972211258
1214	86-87	-1.0418893261207423
1214	88-89	-1.132612091296977
1214	90	-1.0257390072397534
1215	1	-0.5877946589485177
1215	2	-0.6100665386012523
1215	3	-0.5889443249128377
1215	4	-0.4730261106434881
1215	5	-0.5123297821399149
1215	6	-0.45534336824488975
1215	7	-0.4530766610970218
1215	8	-0.44497800024124956
1215	9	-0.39150101627482314
1215	10-11	-0.48928013831159944
1215	12-13	-0.5006697454310256
1215	14-15	-0.5140576077055385
1215	16-17	-0.5776831946810361
1215	18-19	-0.5557845986195957
1215	20-21	-0.4476293958330899
1215	22-23	-0.43989528705795067
1215	24-25	-0.4156246403314299
1215	26-27	-0.4278943924151193
1215	28-29	-0.3504306843987308
1215	30-31	-0.4068948213276897
1215	32-33	-0.527154705778706
1215	34-35	-0.5023697863250902
1215	36-37	-0.4315119065335793
1215	38-39	-0.363446035733908
1215	40-41	-0.35394830455436477
1215	42-43	-0.47710895864381087
1215	44-45	-0.4902032921285979
1215	46-47	-0.4128214614841994
1215	48-49	-0.34372300840986014
1215	50-51	-0.504691616867774
1215	52-53	-0.44185372359608266
1215	54-55	-0.4088394813186156
1215	56-57	-0.4409639569633228
1215	58-59	-0.23009329178875504
1215	60-61	-0.2538759608127634
1215	62-63	-0.3316896728414349
1215	64-65	-0.18861066787754055
1215	66-67	-0.21116106445857952
1215	68-69	-0.4058605496499865
1215	70-71	-0.16687971668891066
1215	72-73	-0.18079494795887996
1215	74-75	0.09033764743170991
1215	76-77	-0.1666571335780489
1215	78-79	-0.07447115310272778
1215	80-81	-0.13382016511807393
1215	82-83	-0.22809552821671986
1215	84-85	0.014368155245612968
1215	86-87	0.0692210109852276
1215	88-89	0.030105249345215412
1215	90	0.11661151407381354
1216	1	-0.7536576860815671
1216	2	-0.7269620382198667
1216	3	-0.6146063059523925
1216	4	-0.4746742527378558
1216	5	-0.4872943675164052
1216	6	-0.4221625902128565
1216	7	-0.565844994975194
1216	8	-0.6088932230809547
1216	9	-0.5358564701268449
1216	10-11	-0.4894912639517912
1216	12-13	-0.567174322090068
1216	14-15	-0.5134106097759314
1216	16-17	-0.6357904192642323
1216	18-19	-0.4835387666483655
1216	20-21	-0.5214620753579879
1216	22-23	-0.5815537811191831
1216	24-25	-0.5756510650889695
1216	26-27	-0.6039459343133373
1216	28-29	-0.6949741081755718
1216	30-31	-0.677346766407787
1216	32-33	-0.7878131453559121
1216	34-35	-0.5990857610444991
1216	36-37	-0.528275554784642
1216	38-39	-0.5974754026294065
1216	40-41	-0.6070538946164703
1216	42-43	-0.5223851927072332
1216	44-45	-0.5955754180956916
1216	46-47	-0.6175792799433992
1216	48-49	-0.6862777648662117
1216	50-51	-0.5005372091092468
1216	52-53	-0.5569512500208376
1216	54-55	-0.47787075515537936
1216	56-57	-0.6296081217230451
1216	58-59	-0.62004915971945
1216	60-61	-0.4518505167678697
1216	62-63	-0.6908348183138102
1216	64-65	-0.3647984198662044
1216	66-67	-0.4690476286952503
1216	68-69	-0.6593952014969986
1216	70-71	-1.040360974180473
1216	72-73	-0.9724684251300673
1216	74-75	-0.5930147553142859
1216	76-77	-0.7764084139529004
1216	78-79	-0.5343504709626004
1216	80-81	-0.40211318026464227
1216	82-83	-0.4064285891298809
1216	84-85	-0.484188017795681
1216	86-87	-0.41964381412101304
1216	88-89	-0.33192073954004186
1216	90	-0.3349521777644746
1301	1	-0.18786508626413223
1301	2	-0.2506818866649283
1301	3	-0.2693536518652877
1301	4	-0.20027978474320918
1301	5	-0.14356726644226114
1301	6	-0.20086486978919993
1301	7	-0.1961009627635164
1301	8	-0.16847357095706172
1301	9	-0.06723159360910813
1301	10-11	-0.1410862171223144
1301	12-13	-0.10894071240655734
1301	14-15	0.05767515881517937
1301	16-17	-0.05677052455239817
1301	18-19	0.013237564771777954
1301	20-21	-0.02465948441876975
1301	22-23	-9.107980378217917E-4
1301	24-25	-0.01764878926398694
1301	26-27	0.06819646730724571
1301	28-29	-0.0701376049431417
1301	30-31	-0.027502447842309152
1301	32-33	0.08794431672409075
1301	34-35	0.10553716476611186
1301	36-37	-0.04891678723139847
1301	38-39	0.017383733807555757
1301	40-41	-0.056495567222796694
1301	42-43	-0.12720569013755068
1301	44-45	-0.10382715935189424
1301	46-47	-0.10147969384343014
1301	48-49	-0.1687739197223479
1301	50-51	-0.32103839078760643
1301	52-53	-0.2907234924587243
1301	54-55	-0.2613697735495464
1301	56-57	-0.2788084568445228
1301	58-59	-0.27729741221097726
1301	60-61	-0.42105810451842274
1301	62-63	-0.42893112822615365
1301	64-65	-0.39009133854923306
1301	66-67	-0.19247237016403318
1301	68-69	-0.2680270805531464
1301	70-71	-0.3592553233820581
1301	72-73	-0.6466440637990871
1301	74-75	-0.6478958997291357
1301	76-77	-0.5408217637922164
1301	78-79	-0.48901778786497374
1301	80-81	-0.6755122874409949
1301	82-83	-0.5916307249040926
1301	84-85	-0.5547711041644945
1301	86-87	-0.7299775601039293
1301	88-89	-0.8337201418233668
1301	90	-0.9947688613122629
1302	1	-0.2818696228142912
1302	2	-0.28186035867235404
1302	3	-0.18450469836492545
1302	4	-0.1606262122099551
1302	5	-0.20494472803623864
1302	6	-0.24000292525883538
1302	7	-0.3049214597219674
1302	8	-0.3164475888970557
1302	9	-0.15072989240279355
1302	10-11	-0.2164496566521663
1302	12-13	-0.14510165683381615
1302	14-15	-0.020691167610223715
1302	16-17	-0.031543697044405405
1302	18-19	-0.09661138872858999
1302	20-21	-0.1557503185253779
1302	22-23	-0.3062670203287752
1302	24-25	-0.22813440633791515
1302	26-27	-0.1384201942042509
1302	28-29	-0.2816877647534355
1302	30-31	-0.2254790433676206
1302	32-33	-0.17693350573182443
1302	34-35	-0.29563563655361946
1302	36-37	-0.24318423748400875
1302	38-39	-0.24444480521709266
1302	40-41	-0.29146051206247137
1302	42-43	-0.09972605306155913
1302	44-45	-0.46284870796515065
1302	46-47	-0.3883649397450739
1302	48-49	-0.37809446823251136
1302	50-51	-0.3380298332043523
1302	52-53	-0.4255054287408129
1302	54-55	-0.6931230470829064
1302	56-57	-0.8011123026018154
1302	58-59	-0.7545424890230166
1302	60-61	-0.4946739412026204
1302	62-63	-0.4314494290819084
1302	64-65	-0.6120549430445408
1302	66-67	-0.812458966720385
1302	68-69	-0.7003422676858477
1302	70-71	-0.9123458481784255
1302	72-73	-0.8846969558498117
1302	74-75	-1.0734578133284742
1302	76-77	-0.8669017720404923
1302	78-79	-0.7374145297971282
1302	80-81	-0.7536002346520476
1302	82-83	-0.7350269513191847
1302	84-85	-0.9242524939984946
1302	86-87	-0.9925123575057242
1302	88-89	-0.8997089035513817
1302	90	-1.121220041846339
>>END_MODULE
>>Per sequence quality scores	pass
#Quality	Count
13	10.0
14	32.0
15	115.0
16	221.0
17	344.0
18	502.0
19	677.0
20	873.0
21	1093.0
22	1194.0
23	1269.0
24	1502.0
25	1674.0
26	2030.0
27	2374.0
28	3129.0
29	3984.0
30	4900.0
31	6206.0
32	8182.0
33	10934.0
34	15514.0
35	23300.0
36	38784.0
37	71867.0
38	109085.0
39	64021.0
40	507.0
41	0.0
42	0.0
43	0.0
44	0.0
45	0.0
46	0.0
47	0.0
48	0.0
49	93.0
>>END_MODULE
>>Per base sequence content	pass
#Base	G	A	T	C
1	20.51088804079407	27.30295158376362	26.07250141646088	26.11365895898143
2	23.8080103414384	27.828671851630272	26.948901756335196	21.414416050596127
3	21.993533042943803	26.183693647951685	28.658507255284466	23.16426605382005
4	22.252788342378533	26.822571684970725	27.600583308405625	23.32405666424512
5	22.603734883124652	27.234947224477583	28.03592795179693	22.12538994060083
6	22.948004358788086	27.0514614760053	27.119567539848727	22.88096662535789
7	23.179297893252425	26.98736165121149	27.534079740182044	22.299260715354045
8	22.155036109567966	26.56724071620871	28.215941626426222	23.061781547797104
9	22.227148412461005	26.213356266826203	28.391949062005896	23.167546258706892
10-11	22.81927054399385	26.72228216742874	27.274608991068757	23.18383829750865
12-13	22.830621554634416	26.803074654929276	27.14400559805136	23.22229819238494
14-15	22.84103777616341	26.981886457843686	27.22346267253536	22.953613093457545
16-17	22.76919255587368	26.960252766975774	27.19328233836161	23.07727233878894
18-19	22.882435579676084	26.796531131148242	27.0231507200547	23.29788256912098
20-21	22.97992072988334	26.857826588607324	26.98709456860818	23.17515811290116
22-23	22.954147258664158	26.908438741934106	26.817497115507884	23.31991688389385
24-25	22.839435280543565	26.779037220631597	26.839798512884066	23.54172898594077
26-27	23.048694500235033	26.919389128669714	26.68302102474253	23.34889534635272
28-29	23.152456091620017	26.970401905901458	26.521436049741464	23.355705952737065
30-31	23.031467672321696	26.890010042305885	26.550414512200334	23.528107773172085
32-33	22.903134481432417	26.97093607110807	26.506212341352935	23.619717106106577
34-35	22.948672065296353	26.952774454083162	26.51783043459681	23.580723046023675
36-37	22.935585017734283	27.103008418443657	26.51809751720012	23.443309046621938
38-39	22.913684244263067	27.052663347720184	26.589809196188195	23.443843211828554
40-41	22.94212854151532	27.033967565488652	26.540933079782913	23.48297081321311
42-43	22.875758514593393	27.030629032947314	26.619855989060298	23.473756463399003
44-45	22.680120507670612	27.05546771505491	26.815493995983076	23.4489177812914
46-47	22.918892355027563	27.110086107431307	26.654176103585314	23.316845433955812
48-49	22.962354606519504	27.247172255385067	26.57345458915909	23.21701854893634
50-51	22.868608898296596	27.23068396557135	26.62691390834608	23.273793227785976
52-53	22.81435998242594	27.322453263820538	26.749560314677147	23.113626439076373
54-55	22.739679928208194	27.325488226998846	26.791857185590363	23.142974659202597
56-57	22.854422426421984	27.26850250590587	26.774399029954687	23.10267603771746
58-59	22.877904026239737	27.35620763153256	26.684054765834926	23.081833576392786
60-61	22.79312196020929	27.37581094471554	26.73974183312901	23.09132526194616
62-63	22.831556343745994	27.237350967907354	26.864503653690015	23.06658903465664
64-65	22.805382248621854	27.337506944147687	26.872249049185932	22.984861758044527
66-67	22.83636383060553	27.409752788342377	26.773027862057177	22.980855518994915
68-69	22.84277381308491	27.317609290201272	26.86984530575616	22.969771590957652
70-71	22.90326802273407	27.50363232340498	26.868643434041278	22.724456219819665
72-73	22.81205931370454	27.384112858424853	26.820702106747575	22.98312572112303
74-75	22.795233109696166	27.52526601427289	26.91431455920687	22.765186316824067
76-77	22.837298619717107	27.490278193239604	26.800270287594547	22.872152899448743
78-79	22.836924326071223	27.63555363252486	26.79396061526299	22.73356142614093
80-81	22.85274721752578	27.609462682660386	26.771047844934653	22.76674225487918
82-83	22.872687064655356	27.490678817144566	26.788518653049014	22.84811546515106
84-85	22.9721048814788	27.33406431088894	26.824561380078503	22.86926942755376
86-87	22.9168336084534	27.527498651110367	26.822069437099007	22.73359830333723
88-89	22.973904217527178	27.610379550735864	26.75031384385267	22.665402387884292
90	22.93922988373739	27.52109313027662	26.755089994684983	22.784586991301005
>>END_MODULE
>>Per sequence GC content	warn
#GC Content	Count
0	0.0
1	0.0
2	1.5
3	3.0
4	2.5
5	2.0
6	4.0
7	10.0
8	14.5
9	19.5
10	24.0
11	31.0
12	43.5
13	53.5
14	79.0
15	121.5
16	168.5
17	229.0
18	353.5
19	515.0
20	587.0
21	735.0
22	1018.5
23	1352.5
24	1744.0
25	2247.5
26	2891.5
27	3627.5
28	4378.0
29	5053.5
30	5381.0
31	5954.0
32	7010.0
33	8166.5
34	9511.0
35	10749.0
36	11611.0
37	12295.5
38	12900.0
39	13227.5
40	13340.0
41	13449.5
42	13439.0
43	13357.5
44	13524.0
45	13592.5
46	13450.5
47	13311.0
48	13272.5
49	13119.5
50	12948.0
51	12661.0
52	12185.5
53	11824.5
54	11469.5
55	11138.0
56	10828.0
57	10640.0
58	10227.0
59	9166.5
60	8492.0
61	8093.5
62	7027.0
63	5684.0
64	4401.5
65	3374.0
66	2602.0
67	1890.0
68	1364.5
69	993.5
70	788.0
71	681.5
72	484.0
73	335.5
74	220.5
75	148.5
76	108.5
77	69.5
78	48.5
79	36.5
80	32.0
81	26.0
82	18.5
83	10.5
84	4.0
85	6.0
86	5.5
87	2.0
88	0.5
89	0.0
90	0.0
91	0.0
92	0.0
93	0.0
94	0.0
95	0.0
96	0.0
97	0.0
98	0.0
99	0.0
100	0.0
>>END_MODULE
>>Per base N content	pass
#Base	N-Count
1	0.06516815520704243
2	0.0
3	0.05501901628135549
4	0.0
5	0.0
6	0.0
7	0.0
8	0.0
9	0.0
10-11	0.0
12-13	0.0
14-15	0.0
16-17	0.0
18-19	0.0
20-21	0.0
22-23	0.0
24-25	0.0
26-27	0.0
28-29	0.0
30-31	0.0
32-33	0.0
34-35	0.0
36-37	0.0
38-39	0.0
40-41	0.0
42-43	0.0
44-45	0.0
46-47	0.0
48-49	2.670826033075509E-4
50-51	0.004941028161189693
52-53	1.3354130165377546E-4
54-55	0.0
56-57	1.3354130165377546E-4
58-59	0.005875817272766121
60-61	0.0018695782231528566
62-63	0.0
64-65	0.0
66-67	0.0
68-69	0.0
70-71	0.0
72-73	0.0
74-75	0.0
76-77	0.0
78-79	0.0018695782231528566
80-81	0.0050745694628434685
82-83	0.0
84-85	0.008413102004187855
86-87	0.009080808512456733
88-89	0.006944147685996325
90	0.0013354130165377548
>>END_MODULE
>>Sequence Length Distribution	pass
#Length	Count
90	374416.0
>>END_MODULE
>>Sequence Duplication Levels	pass
#Total Deduplicated Percentage	93.91593462358678
#Duplication Level	Percentage of total
1	89.06491788109054
2	8.251570099309527
3	1.5238592944028664
4	0.4777126760767736
5	0.2263655971353572
6	0.08652788612108993
7	0.07542914870247447
8	0.057957052944355485
9	0.04078393364427838
>10	0.19487643057276546
>50	0.0
>100	0.0
>500	0.0
>1k	0.0
>5k	0.0
>10k+	0.0
>>END_MODULE
>>Overrepresented sequences	pass
>>END_MODULE
>>Adapter Content	pass
#Position	Illumina Universal Adapter	Illumina Small RNA 3' Adapter	Illumina Small RNA 5' Adapter	Nextera Transposase Sequence	PolyA	PolyG
1	0.0	0.0	0.0	0.0	0.034186573223366525	0.0
2	0.0	0.0	0.0	0.0	0.04486987735566856	0.0
3	0.0	0.0	0.0	0.0	0.05208110764497244	0.0
4	0.0	0.0	0.0	0.0	0.06436690739711978	0.0
5	0.0	0.0	0.0	0.0	0.07211230289303876	0.0
6	0.0	0.0	0.0	0.0	0.0811931114054955	0.0
7	0.0	0.0	0.0	0.0	0.09241058074441263	0.0
8	0.0	0.0	0.0	2.67082603307551E-4	0.10282680227340713	0.0
9	0.0	0.0	0.0	2.67082603307551E-4	0.11457843681893937	0.0
10-11	0.0	0.0	0.0	5.34165206615102E-4	0.13247297124054527	0.0
12-13	0.0	0.0	0.0	6.677065082688774E-4	0.15677748814153242	0.0
14-15	0.0	0.0	0.0	8.012478099226529E-4	0.1882932353318234	1.335413016537755E-4
16-17	0.0	0.0	0.0	8.012478099226529E-4	0.21580274347250117	2.67082603307551E-4
18-19	0.0	0.0	0.0	8.012478099226529E-4	0.24651724285286955	5.34165206615102E-4
20-21	0.0	0.0	0.0	8.012478099226529E-4	0.2857783855390795	8.012478099226529E-4
22-23	0.0	0.0	0.0	8.012478099226529E-4	0.32156745438229134	0.001068330413230204
24-25	0.0	0.0	0.0	8.012478099226529E-4	0.3513471646510833	0.0014689543181915302
26-27	0.0	0.0	0.0	8.012478099226529E-4	0.3902076834323319	0.0018695782231528566
28-29	0.0	0.0	0.0	8.012478099226529E-4	0.4369471390111534	0.0018695782231528566
30-31	0.0	4.006239049613265E-4	0.0	8.012478099226529E-4	0.4916990726892013	0.0025372847314217343
32-33	0.0	5.34165206615102E-4	0.0	8.012478099226529E-4	0.541242895602752	0.003204991239690612
34-35	0.0	5.34165206615102E-4	0.0	8.012478099226529E-4	0.5875817272766122	0.0034720738429981626
36-37	0.0	5.34165206615102E-4	0.0	8.012478099226529E-4	0.6375261740951241	0.003605615144651938
38-39	0.0	6.677065082688774E-4	0.0	8.012478099226529E-4	0.6888060339301739	0.004273321652920815
40-41	0.0	8.012478099226529E-4	0.0	8.012478099226529E-4	0.7395517285586086	0.0050745694628434685
42-43	0.0	8.012478099226529E-4	0.0	8.012478099226529E-4	0.7961732404598094	0.0050745694628434685
44-45	0.0	8.012478099226529E-4	0.0	8.012478099226529E-4	0.8576022392205461	0.005341652066151019
46-47	0.0	8.012478099226529E-4	0.0	8.012478099226529E-4	0.9135560446134781	0.005341652066151019
48-49	0.0	8.012478099226529E-4	0.0	8.012478099226529E-4	0.9601619588906457	0.0058758172727661215
50-51	0.0	8.012478099226529E-4	0.0	8.012478099226529E-4	1.0101064057091578	0.007077688987650101
52-53	0.0	8.012478099226529E-4	0.0	8.012478099226529E-4	1.0691316610401267	0.008680184607495405
54-55	0.0	8.012478099226529E-4	0.0	8.012478099226529E-4	1.1218804751933678	0.009347891115764284
56-57	0.0	0.001068330413230204	0.0	9.347891115764283E-4	1.173026793726764	0.010416221528994487
58-59	0.0	0.001068330413230204	0.0	0.001068330413230204	1.2207010384171617	0.011083928037263366
60-61	0.0	0.001068330413230204	0.0	0.001068330413230204	1.2659715396777915	0.012285799752147344
62-63	0.0	0.001068330413230204	0.0	0.001068330413230204	1.3113755822400752	0.014288919276953978
64-65	0.0	0.001068330413230204	0.0	0.001068330413230204	1.3547765052775522	0.01562433229349173
66-67	0.0	0.001068330413230204	0.0	0.001068330413230204	1.4060563651126021	0.01776099311995214
68-69	0.0	0.001068330413230204	0.0	0.001068330413230204	1.4628114183154568	0.02029827785137387
70-71	1.335413016537755E-4	0.001068330413230204	0.0	0.001068330413230204	1.5142248194521601	0.022835562582795607
72-73	2.67082603307551E-4	0.001068330413230204	0.0	0.001068330413230204	1.5578928250929447	0.02617409512413999
74-75	2.67082603307551E-4	0.001068330413230204	0.0	0.001068330413230204	1.601160206828768	0.028043673347292852
76-77	2.67082603307551E-4	0.0012018717148839795	0.0	0.001068330413230204	1.6468313319943593	0.030180334173753258
78-79	2.67082603307551E-4	0.0013354130165377548	0.0	0.001068330413230204	1.6930366223665656	0.03365240801675142
>>END_MODULE
