##FastQC	0.12.1
>>Basic Statistics	pass
#Measure	Value
Filename	dad.chr22.1.fq
File type	Conventional base calls
Encoding	Illumina 1.5
Total Sequences	443996
Total Bases	39.9 Mbp
Sequences flagged as poor quality	0
Sequence length	90
%GC	45
>>END_MODULE
>>Per base sequence quality	pass
#Base	Mean	Median	Lower Quartile	Upper Quartile	10th Percentile	90th Percentile
1	32.856480689015214	34.0	31.0	34.0	31.0	34.0
2	33.09326435373292	34.0	33.0	34.0	31.0	34.0
3	33.14742475157434	34.0	33.0	34.0	31.0	34.0
4	36.49904278416923	37.0	37.0	37.0	35.0	37.0
5	36.439569275398874	37.0	37.0	37.0	35.0	37.0
6	36.439362066324925	37.0	37.0	37.0	35.0	37.0
7	36.41680105226173	37.0	37.0	37.0	35.0	37.0
8	36.414192920656944	37.0	37.0	37.0	35.0	37.0
9	38.222179929548915	39.0	39.0	39.0	37.0	39.0
10-11	38.19286322399301	39.0	39.0	39.0	37.0	39.0
12-13	38.15148447283309	39.0	39.0	39.0	37.0	39.0
14-15	39.664923783097144	41.0	40.0	41.0	37.0	41.0
16-17	39.63319601978396	41.0	40.0	41.0	37.0	41.0
18-19	39.569366615915456	41.0	40.0	41.0	37.0	41.0
20-21	39.499604726168705	41.0	39.0	41.0	37.0	41.0
22-23	39.39559140172434	41.0	39.0	41.0	36.0	41.0
24-25	39.296854025711944	40.5	39.0	41.0	36.0	41.0
26-27	39.12889417922684	40.0	39.0	41.0	36.0	41.0
28-29	38.97679033144443	40.0	38.0	41.0	35.5	41.0
30-31	38.90441017486644	40.0	38.0	41.0	35.0	41.0
32-33	38.945351985153025	40.0	38.0	41.0	35.5	41.0
34-35	39.076803619852434	40.0	39.0	41.0	36.0	41.0
36-37	39.09151546410328	40.0	39.0	41.0	35.0	41.0
38-39	39.03528748006739	40.0	39.0	41.0	35.0	41.0
40-41	38.92884733195795	40.0	38.0	41.0	35.0	41.0
42-43	38.8202776601591	40.0	38.0	41.0	35.0	41.0
44-45	38.70173267326733	40.0	38.0	41.0	35.0	41.0
46-47	38.545912575788975	40.0	38.0	41.0	34.0	41.0
48-49	38.32878224128146	40.0	38.0	41.0	34.0	41.0
50-51	38.08496360327571	40.0	37.5	41.0	33.0	41.0
52-53	37.87593469310534	40.0	37.0	41.0	33.0	41.0
54-55	37.61740421084875	40.0	36.5	41.0	33.0	41.0
56-57	37.33005364913197	39.0	36.0	41.0	32.0	41.0
58-59	36.9521763709583	39.0	35.5	40.5	31.5	41.0
60-61	36.58849741889567	38.5	35.0	40.0	31.0	41.0
62-63	36.21795466625826	38.0	35.0	40.0	30.5	41.0
64-65	35.840509824412834	37.5	35.0	40.0	30.0	41.0
66-67	35.386348075207884	37.0	34.0	40.0	29.0	41.0
68-69	34.91691591816142	36.5	34.0	39.0	29.0	41.0
70-71	34.44389589095397	36.0	34.0	39.0	28.0	40.0
72-73	34.01493369309634	35.0	33.0	38.5	28.0	40.0
74-75	33.50391219740718	35.0	33.0	37.5	26.5	39.5
76-77	32.39554973468229	34.5	31.5	36.0	26.0	39.0
78-79	32.99508666744745	35.0	33.0	37.0	27.0	39.0
80-81	32.80091937765205	35.0	33.0	36.0	27.0	38.5
82-83	32.376220731718306	35.0	33.0	36.0	26.0	37.0
84-85	31.9032975522302	35.0	32.0	35.0	25.0	37.0
86-87	31.43772916873125	35.0	32.0	35.0	24.5	36.5
88-89	30.929905900053154	34.0	32.0	35.0	21.5	36.0
90	30.52818719087559	34.0	31.0	35.0	18.0	36.0
>>END_MODULE
>>Per tile sequence quality	fail
#Tile	Base	Mean
0	1	15.644623994331774
0	2	15.425157979154179
0	3	15.368318625285127
0	4	12.122076948235666
0	5	12.183575493965265
0	6	12.182502818187146
0	7	12.198972738469962
0	8	12.205792872375788
0	9	10.435866461003968
0	10-11	10.471435631870747
0	12-13	10.505284969093879
0	14-15	9.027124173051021
0	16-17	9.0556575375304
0	18-19	9.11759925646691
0	20-21	9.193151241493837
0	22-23	9.284334102927133
0	24-25	9.397686590678958
0	26-27	9.543564756328706
0	28-29	9.702599835980976
0	30-31	9.783583458183529
0	32-33	9.714981236053276
0	34-35	9.608239686477233
0	36-37	9.585269277193767
0	38-39	9.64550189397594
0	40-41	9.751295035817684
0	42-43	9.861608310080193
0	44-45	9.986737187132832
0	46-47	10.133539774850497
0	48-49	10.332096020753191
0	50-51	10.584036001369086
0	52-53	10.776168866960404
0	54-55	11.047587703414791
0	56-57	11.317325094661548
0	58-59	11.669753126383654
0	60-61	12.034214763716015
0	62-63	12.381002596173325
0	64-65	12.748732597614413
0	66-67	13.186049698286809
0	68-69	13.641183819541865
0	70-71	14.095044732169939
0	72-73	14.516199044116334
0	74-75	14.975600718197505
0	76-77	16.072446808040652
0	78-79	15.485226776530645
0	80-81	15.678857224744426
0	82-83	16.116035530505947
0	84-85	16.576273246783153
0	86-87	17.007858569864258
0	88-89	17.499160086974157
0	90	17.905792999816573
1101	1	-0.24423172706126195
1101	2	-0.26180719497517657
1101	3	-0.2781490364064183
1101	4	-0.2565300169384628
1101	5	-0.24120062543772036
1101	6	-0.21570613703673303
1101	7	-0.22361432620665767
1101	8	-0.23311260026103042
1101	9	-0.14731761859802361
1101	10-11	-0.11687282584069436
1101	12-13	-0.11894388662751254
1101	14-15	-0.05013950854102234
1101	16-17	-0.033795198788006076
1101	18-19	-0.040311191294286175
1101	20-21	-0.02058010178974712
1101	22-23	-0.06845196672460929
1101	24-25	-0.06286067300263198
1101	26-27	-0.07215663670612571
1101	28-29	-0.1283951888946433
1101	30-31	-0.05387922838363579
1101	32-33	5.5862918941329553E-5
1101	34-35	-0.03653643292575026
1101	36-37	-0.021049130766435553
1101	38-39	-0.07201054383500605
1101	40-41	-0.05183929254052799
1101	42-43	-0.08958571977054675
1101	44-45	-0.08823793724528173
1101	46-47	-0.10601246395547292
1101	48-49	-0.13770497427168493
1101	50-51	-0.15243166032246336
1101	52-53	-0.1527863569201955
1101	54-55	-0.10644214733147805
1101	56-57	-0.07307291528869797
1101	58-59	-0.05940110247206576
1101	60-61	-0.18867080842328932
1101	62-63	-0.20402227944856577
1101	64-65	-0.2232574521368278
1101	66-67	-0.37240801315597594
1101	68-69	-0.38170175259743644
1101	70-71	-0.4716219344967243
1101	72-73	-0.4927561797642639
1101	74-75	-0.524349530558716
1101	76-77	-0.5039213511633278
1101	78-79	-0.5890020791907489
1101	80-81	-0.6276601881908945
1101	82-83	-0.5944122306880857
1101	84-85	-0.616363569137242
1101	86-87	-0.7142309823745485
1101	88-89	-0.8029792165084295
1101	90	-0.857391079785419
1102	1	-0.21950644045083578
1102	2	-0.2677768034545167
1102	3	-0.3345799254395132
1102	4	-0.2646984140831776
1102	5	-0.23671436110719668
1102	6	-0.27492471804473695
1102	7	-0.24486784124018612
1102	8	-0.20091002617493814
1102	9	-0.14293788682211783
1102	10-11	-0.11280349856403404
1102	12-13	-0.10975126279017644
1102	14-15	0.00629083971769262
1102	16-17	-0.10829173783191237
1102	18-19	-0.062201468170776764
1102	20-21	-0.13655890343370203
1102	22-23	-0.15180720142069504
1102	24-25	-0.05068297453843229
1102	26-27	-0.18877220019302854
1102	28-29	-0.17874074372916482
1102	30-31	-0.19784770123676054
1102	32-33	-0.18900427119309882
1102	34-35	-0.08152480627639136
1102	36-37	-0.10268362135695952
1102	38-39	-0.019806077038552417
1102	40-41	-0.1839404714286914
1102	42-43	-0.21221415368791696
1102	44-45	-0.3167048418526761
1102	46-47	-0.1622029787726902
1102	48-49	-0.2476141241743477
1102	50-51	-0.20808356384830518
1102	52-53	-0.26730939390915864
1102	54-55	-0.20603548499100555
1102	56-57	-0.2814067893964207
1102	58-59	-0.42943165622504154
1102	60-61	-0.5278323377332583
1102	62-63	-0.5229829110730506
1102	64-65	-0.45054276470443
1102	66-67	-0.6753633451914496
1102	68-69	-0.73925096306683
1102	70-71	-0.6286871518880304
1102	72-73	-1.0078045790720722
1102	74-75	-0.9220442093387291
1102	76-77	-0.8514662354376057
1102	78-79	-0.927363803179496
1102	80-81	-1.099222485400496
1102	82-83	-1.0859572231172407
1102	84-85	-1.1157557387240935
1102	86-87	-1.3358914301357423
1102	88-89	-1.362705855054827
1102	90	-1.3532649711979197
1103	1	-0.23788253308337204
1103	2	-0.23802739943590012
1103	3	-0.22698163581147668
1103	4	-0.21821896125084095
1103	5	-0.2637700238763401
1103	6	-0.22045627667795742
1103	7	-0.24663213533334272
1103	8	-0.20499912066163262
1103	9	-0.10721447894380987
1103	10-11	-0.18913878066189227
1103	12-13	-0.146586223247283
1103	14-15	0.016245147811680738
1103	16-17	0.044343351281490584
1103	18-19	0.010984809121389105
1103	20-21	0.025614252808026094
1103	22-23	0.05718005592974862
1103	24-25	-0.02441958860737259
1103	26-27	0.056184425606339516
1103	28-29	0.00895318672074552
1103	30-31	0.09689938507648321
1103	32-33	-0.05699439493018588
1103	34-35	-0.10150792013721599
1103	36-37	-0.06747223716654815
1103	38-39	-0.10253988148097903
1103	40-41	-0.0846492635730911
1103	42-43	0.016960790497947187
1103	44-45	0.07551003308583404
1103	46-47	-0.07185622166821304
1103	48-49	-0.04388309151834591
1103	50-51	0.021807977000065648
1103	52-53	0.09296608192994427
1103	54-55	0.12330571908059085
1103	56-57	0.05448784487912661
1103	58-59	0.1828079566708567
1103	60-61	0.1060163302956525
1103	62-63	0.17604176066418376
1103	64-65	0.03811466898081761
1103	66-67	-0.09724011894556384
1103	68-69	-0.17082662432235907
1103	70-71	-0.11644351848280365
1103	72-73	-0.0725738018366684
1103	74-75	0.009978437953812147
1103	76-77	-0.1164130701142625
1103	78-79	-0.4377497247748394
1103	80-81	-0.11574677873685602
1103	82-83	-0.32608805522077233
1103	84-85	-0.3079739246702857
1103	86-87	-0.47604047278151995
1103	88-89	-0.49387733687266433
1103	90	-0.5824576529249406
1104	1	-0.31960229518569605
1104	2	-0.2878203902301806
1104	3	-0.2215316242988976
1104	4	-0.22151706174769714
1104	5	-0.24487708506967465
1104	6	-0.1910412749908872
1104	7	-0.2527743497163968
1104	8	-0.2742404054944245
1104	9	-0.20972422119237422
1104	10-11	-0.1462848340194398
1104	12-13	-0.12907443190445633
1104	14-15	-0.14467283194065317
1104	16-17	-0.06871850240304411
1104	18-19	-0.07874017780930131
1104	20-21	-0.1271482593381137
1104	22-23	-0.09711348442727541
1104	24-25	-0.19590741930440458
1104	26-27	-0.10202592586763615
1104	28-29	-0.10646838365296674
1104	30-31	-0.09536828890465188
1104	32-33	-0.07037650105155535
1104	34-35	-0.004905072258210907
1104	36-37	-0.032867162074118994
1104	38-39	-0.10117031900242779
1104	40-41	-0.029071020754692256
1104	42-43	-0.015679543497178372
1104	44-45	-0.03655732201858086
1104	46-47	-0.022866215166139625
1104	48-49	-0.10176421219190246
1104	50-51	-0.08776100362259598
1104	52-53	-0.14313229776504954
1104	54-55	-0.03935073252530685
1104	56-57	-0.2687813945231454
1104	58-59	-0.19505552586259967
1104	60-61	-0.1446537886966297
1104	62-63	-0.04121038219606277
1104	64-65	-0.12855525596295792
1104	66-67	-0.1525526311641059
1104	68-69	-0.1587329857825921
1104	70-71	-0.38457257232256836
1104	72-73	-0.1984432187788343
1104	74-75	-0.45867548812528725
1104	76-77	-0.52405901558663
1104	78-79	-0.7227599123212727
1104	80-81	-0.5798782161873532
1104	82-83	-0.5852955843027061
1104	84-85	-0.6966052889905576
1104	86-87	-0.8111930108345753
1104	88-89	-0.8635686983835811
1104	90	-0.7406296291351744
1105	1	-0.48256201520717923
1105	2	-0.4730932132146606
1105	3	-0.5124444907721042
1105	4	-0.3691790136085302
1105	5	-0.3665039972906996
1105	6	-0.36837158562843086
1105	7	-0.4321878338670828
1105	8	-0.3498510067975005
1105	9	-0.33281398414706587
1105	10-11	-0.34732430453625085
1105	12-13	-0.2840632026072356
1105	14-15	-0.29084085079635713
1105	16-17	-0.3370292669211068
1105	18-19	-0.35696354162529786
1105	20-21	-0.35692824976212023
1105	22-23	-0.42949737561022516
1105	24-25	-0.3856997368250177
1105	26-27	-0.4147023342913272
1105	28-29	-0.49453847880440094
1105	30-31	-0.4513132031837159
1105	32-33	-0.24408076712637694
1105	34-35	-0.42435172846712277
1105	36-37	-0.41552563536585296
1105	38-39	-0.39464119028479416
1105	40-41	-0.46770337435719256
1105	42-43	-0.5330657757703605
1105	44-45	-0.634486978208983
1105	46-47	-0.4133600661669945
1105	48-49	-0.4306225802007049
1105	50-51	-0.4318622498232827
1105	52-53	-0.5493478262033449
1105	54-55	-0.5052739817998315
1105	56-57	-0.6099404061333615
1105	58-59	-0.8688001327578405
1105	60-61	-0.8397915955844653
1105	62-63	-0.8523042400746874
1105	64-65	-0.9964979270278818
1105	66-67	-0.8063986323968138
1105	68-69	-1.073840027834919
1105	70-71	-0.9121094808666328
1105	72-73	-0.8586022277437593
1105	74-75	-1.0701067539805607
1105	76-77	-1.1163449248687272
1105	78-79	-0.9619115382547321
1105	80-81	-0.9435593094368144
1105	82-83	-0.985713277125214
1105	84-85	-1.0338221427240022
1105	86-87	-1.2906310962724667
1105	88-89	-1.3001244917221868
1105	90	-1.182442294301076
1106	1	-0.41132557225608934
1106	2	-0.3770484826267477
1106	3	-0.3992148656526169
1106	4	-0.38777332757205585
1106	5	-0.35937170855640943
1106	6	-0.2903104205835376
1106	7	-0.26753632378378
1106	8	-0.34661059492129453
1106	9	-0.24734866901967223
1106	10-11	-0.2870356053238936
1106	12-13	-0.30637775746246376
1106	14-15	-0.13757243845410017
1106	16-17	-0.14883418823792027
1106	18-19	-0.12550555046768608
1106	20-21	-0.1953436363627432
1106	22-23	-0.13213555822338208
1106	24-25	-0.18938984746131382
1106	26-27	-0.26179379371069444
1106	28-29	-0.2757295572420304
1106	30-31	-0.25581764504735816
1106	32-33	-0.20188243612954437
1106	34-35	-0.09704006135569898
1106	36-37	-0.03451007662814476
1106	38-39	-0.11021126599253961
1106	40-41	-0.07337005480485459
1106	42-43	-0.20340351025077297
1106	44-45	-0.14919661901373615
1106	46-47	-0.29987236068929946
1106	48-49	-0.07846347491268801
1106	50-51	-0.2540254643519546
1106	52-53	-0.20531261452107685
1106	54-55	-0.08519401447330921
1106	56-57	-0.2445346374109505
1106	58-59	-0.3798922636872675
1106	60-61	-0.1911595467646805
1106	62-63	-0.16706674976835956
1106	64-65	-0.38444313130599284
1106	66-67	-0.495195376575289
1106	68-69	-0.45928899369690157
1106	70-71	-0.5006999486811239
1106	72-73	-0.42982144445734605
1106	74-75	-0.4932724102500927
1106	76-77	-0.4393735229286122
1106	78-79	-0.5506282274094687
1106	80-81	-0.5488811519301251
1106	82-83	-0.5309305845452812
1106	84-85	-0.5702988572357626
1106	86-87	-0.540998798142045
1106	88-89	-0.7624632384789543
1106	90	-0.8987775281582095
1107	1	-0.41047652688937575
1107	2	-0.32316666716004505
1107	3	-0.3345853211035532
1107	4	-0.2584144888454958
1107	5	-0.23265682174582736
1107	6	-0.2858516121926016
1107	7	-0.2738493017385295
1107	8	-0.30128084318638315
1107	9	-0.25289005426036226
1107	10-11	-0.25157255874727014
1107	12-13	-0.21921242480038927
1107	14-15	-0.12924217095493873
1107	16-17	-0.09437969255150591
1107	18-19	-0.09386760876019196
1107	20-21	-0.10096640556498926
1107	22-23	-0.09429583005871933
1107	24-25	-0.09449509212074503
1107	26-27	-0.10423866883883193
1107	28-29	-0.2679883993131398
1107	30-31	-0.2365207860458085
1107	32-33	-0.16253179447538457
1107	34-35	-0.27746396207079727
1107	36-37	-0.06514025370719878
1107	38-39	-0.14191433833977385
1107	40-41	-0.2282284191339201
1107	42-43	-0.20875654472248328
1107	44-45	-0.15622632738690356
1107	46-47	-0.23019812537288686
1107	48-49	-0.07743488021478839
1107	50-51	-0.011273008310737964
1107	52-53	-0.04103143088025263
1107	54-55	-0.07452696523748159
1107	56-57	0.0012416992780757141
1107	58-59	-0.05474426751061401
1107	60-61	0.04091617845912765
1107	62-63	-0.0359743211758925
1107	64-65	-0.03756673224410889
1107	66-67	-0.21826899121430898
1107	68-69	0.007900126317736067
1107	70-71	-0.1130714256856038
1107	72-73	-0.19787392684419558
1107	74-75	0.02995663778052915
1107	76-77	0.12345202025211677
1107	78-79	0.04069959857085337
1107	80-81	-0.01957911181551708
1107	82-83	0.09369748136224132
1107	84-85	0.19429260642574064
1107	86-87	0.011953878873942614
1107	88-89	-0.007913628588013921
1107	90	0.08375279132811286
1108	1	-0.5316323785742725
1108	2	-0.5398820791123882
1108	3	-0.48965661142280936
1108	4	-0.3600789148378922
1108	5	-0.33572530720006455
1108	6	-0.3367979829781831
1108	7	-0.326154719650944
1108	8	-0.35429452747854384
1108	9	-0.3004773117564099
1108	10-11	-0.3297296995203709
1108	12-13	-0.3180944919403572
1108	14-15	-0.1895546324843025
1108	16-17	-0.2527911150551816
1108	18-19	-0.2483876335549411
1108	20-21	-0.18558146061832304
1108	22-23	-0.2058334134603399
1108	24-25	-0.16422163947399326
1108	26-27	-0.12759329174121348
1108	28-29	-0.21619113270074308
1108	30-31	-0.26739979017771986
1108	32-33	-0.3196145396204315
1108	34-35	-0.25410554294738574
1108	36-37	-0.1802077803444675
1108	38-39	-0.2179358336278483
1108	40-41	-0.2548957871976114
1108	42-43	-0.23307486544784695
1108	44-45	-0.2936706788540562
1108	46-47	-0.26412956236727325
1108	48-49	-0.21524556701083242
1108	50-51	-0.2837717189513782
1108	52-53	-0.3421851024496476
1108	54-55	-0.3085667029945327
1108	56-57	-0.3294338274069162
1108	58-59	-0.31422356698852383
1108	60-61	-0.31174299302106334
1108	62-63	-0.21113141693665938
1108	64-65	-0.1951858291882118
1108	66-67	-0.30703114657845276
1108	68-69	-0.33441705445667935
1108	70-71	-0.2734913202699687
1108	72-73	-0.3789211306833735
1108	74-75	-0.4133286335869073
1108	76-77	-0.386038261150901
1108	78-79	-0.447766668480277
1108	80-81	-0.47409252033933313
1108	82-83	-0.4291210608997389
1108	84-85	-0.24528538395246358
1108	86-87	-0.22010938352248743
1108	88-89	-0.2634036420862955
1108	90	-0.47803802713171706
1109	1	-0.5750251284752466
1109	2	-0.4779999155826644
1109	3	-0.4737866378727702
1109	4	-0.36985287632573716
1109	5	-0.35467012006982657
1109	6	-0.3325849011110975
1109	7	-0.4108518229335445
1109	8	-0.3773650223610545
1109	9	-0.29255459162761355
1109	10-11	-0.2611959470766223
1109	12-13	-0.30910099581840456
1109	14-15	-0.2953319672998589
1109	16-17	-0.21311439229416607
1109	18-19	-0.19643583125238706
1109	20-21	-0.32544524973422995
1109	22-23	-0.3360167742658504
1109	24-25	-0.2959976198473555
1109	26-27	-0.3160843664783073
1109	28-29	-0.3409089359488462
1109	30-31	-0.3409779453252426
1109	32-33	-0.18572051833268688
1109	34-35	-0.27246206790873373
1109	36-37	-0.25297633684132137
1109	38-39	-0.30993670251529437
1109	40-41	-0.26344180628758096
1109	42-43	-0.20400572500752645
1109	44-45	-0.2497540409373471
1109	46-47	-0.2713725058512537
1109	48-49	-0.35562327749241973
1109	50-51	-0.36473592845547387
1109	52-53	-0.39365569444310466
1109	54-55	-0.47662282290099967
1109	56-57	-0.3609205193735434
1109	58-59	-0.32954511923038154
1109	60-61	-0.30789049944188207
1109	62-63	-0.3077693336512368
1109	64-65	-0.2723200339645331
1109	66-67	-0.3925467929412605
1109	68-69	-0.19214951379147038
1109	70-71	-0.21758684677742934
1109	72-73	-0.16064306114682836
1109	74-75	-0.07808349232880829
1109	76-77	-0.09632512178390584
1109	78-79	-0.04529953925882779
1109	80-81	-0.12605505595733035
1109	82-83	-0.09378903089756108
1109	84-85	-0.17074429707649585
1109	86-87	-0.2272291494339882
1109	88-89	-0.0762785095170706
1109	90	0.05386317525517015
1110	1	-0.5288177400855716
1110	2	-0.5768745411710228
1110	3	-0.4880499384005077
1110	4	-0.396215734691161
1110	5	-0.42414808327050935
1110	6	-0.4279307861488988
1110	7	-0.28137956505307216
1110	8	-0.33621254767841435
1110	9	-0.2782256799174405
1110	10-11	-0.27585434102898176
1110	12-13	-0.3460022937787528
1110	14-15	-0.28452894348014013
1110	16-17	-0.25735059255089965
1110	18-19	-0.2042164616902724
1110	20-21	-0.22588669888556012
1110	22-23	-0.20719706238452318
1110	24-25	-0.24187980498499684
1110	26-27	-0.2355680349992042
1110	28-29	-0.20593674938487538
1110	30-31	-0.2601157288083442
1110	32-33	-0.28569627072178605
1110	34-35	-0.22339987991843202
1110	36-37	-0.3581589070880753
1110	38-39	-0.2508395694386891
1110	40-41	-0.25480252515792756
1110	42-43	-0.15295808558376223
1110	44-45	-0.25547148495388683
1110	46-47	-0.38272038775112804
1110	48-49	-0.3786085862928772
1110	50-51	-0.30790166800760943
1110	52-53	-0.3952403471317325
1110	54-55	-0.3910979334415714
1110	56-57	-0.3127562061514553
1110	58-59	-0.35429836413125315
1110	60-61	-0.48170664549807185
1110	62-63	-0.3927101409540441
1110	64-65	-0.4138690284018409
1110	66-67	-0.5222836350465201
1110	68-69	-0.5146427387237225
1110	70-71	-0.4733834521119036
1110	72-73	-0.42689038677796987
1110	74-75	-0.49052394304910507
1110	76-77	-0.4356832732601603
1110	78-79	-0.4853016787539062
1110	80-81	-0.5010208240360612
1110	82-83	-0.3975146049954148
1110	84-85	-0.4193229591789063
1110	86-87	-0.3654476631980721
1110	88-89	-0.43173422196893085
1110	90	-0.33201187823220835
1111	1	-0.5462610783234467
1111	2	-0.5120943326027572
1111	3	-0.5055254962472375
1111	4	-0.40896664489511636
1111	5	-0.36464115068466896
1111	6	-0.3525037868326706
1111	7	-0.3750034834587055
1111	8	-0.41970250411034016
1111	9	-0.3375813593394952
1111	10-11	-0.3617876177990027
1111	12-13	-0.38176919206860305
1111	14-15	-0.3506829603703778
1111	16-17	-0.30431604239033305
1111	18-19	-0.31998330628077554
1111	20-21	-0.2999134877003513
1111	22-23	-0.2523237570464474
1111	24-25	-0.26809940667903476
1111	26-27	-0.24408385661713794
1111	28-29	-0.2095534004787325
1111	30-31	-0.30690531328278325
1111	32-33	-0.28997252880802193
1111	34-35	-0.26263217613835366
1111	36-37	-0.24002794869790733
1111	38-39	-0.21546243891705785
1111	40-41	-0.269841027590509
1111	42-43	-0.3196994838431877
1111	44-45	-0.19457060679054905
1111	46-47	-0.21817753030141773
1111	48-49	-0.1748392500526208
1111	50-51	-0.23036294182774242
1111	52-53	-0.268084765800495
1111	54-55	-0.19151401389035527
1111	56-57	-0.11794571115086683
1111	58-59	-0.2810394759941488
1111	60-61	-0.31221852558385166
1111	62-63	-0.30657996657436826
1111	64-65	-0.23376409987567826
1111	66-67	-0.09136113394568923
1111	68-69	-0.07678183435509567
1111	70-71	-0.07173201816031138
1111	72-73	-0.13571641163003534
1111	74-75	-0.20636757770738257
1111	76-77	-0.3215426239276411
1111	78-79	-0.23372963033857275
1111	80-81	-0.31354700246825473
1111	82-83	-0.22643474690488574
1111	84-85	-0.32861446787999427
1111	86-87	-0.26459849750694175
1111	88-89	-0.11741851276164184
1111	90	0.11517212795395793
1112	1	-0.6680734156492747
1112	2	-0.527463625394148
1112	3	-0.505970698783095
1112	4	-0.39403170621790196
1112	5	-0.4443461737542549
1112	6	-0.39425018244456567
1112	7	-0.45358569488443123
1112	8	-0.44929240873602794
1112	9	-0.4024152825209839
1112	10-11	-0.4480210958614066
1112	12-13	-0.38953499300340866
1112	14-15	-0.3357943361088047
1112	16-17	-0.3960164991088888
1112	18-19	-0.4597854561041572
1112	20-21	-0.4053958210456443
1112	22-23	-0.32495206258139575
1112	24-25	-0.31835889258067596
1112	26-27	-0.3477807901021208
1112	28-29	-0.39531551461915626
1112	30-31	-0.43530472880320303
1112	32-33	-0.4641090987540508
1112	34-35	-0.4688291701241525
1112	36-37	-0.4485273115617616
1112	38-39	-0.3301771963588678
1112	40-41	-0.4094756527483341
1112	42-43	-0.42424134247823986
1112	44-45	-0.36733735487601393
1112	46-47	-0.5177552346251773
1112	48-49	-0.3264636760250781
1112	50-51	-0.5562040491678744
1112	52-53	-0.4209252581185581
1112	54-55	-0.3412309952586128
1112	56-57	-0.3791373184780582
1112	58-59	-0.4177389772170983
1112	60-61	-0.4133531453174655
1112	62-63	-0.4124275996573772
1112	64-65	-0.5194291206420587
1112	66-67	-0.3253211166215948
1112	68-69	-0.3398648222774625
1112	70-71	-0.3468377694093405
1112	72-73	-0.43610670446231836
1112	74-75	-0.41448140435461056
1112	76-77	-0.39091389947671473
1112	78-79	-0.3574769505697972
1112	80-81	-0.5763543987552566
1112	82-83	-0.6454932123872936
1112	84-85	-0.39593142788519486
1112	86-87	-0.37969670493043495
1112	88-89	-0.2977445245230008
1112	90	-0.4283826161025672
1113	1	-0.6166260056682233
1113	2	-0.5429670208458219
1113	3	-0.5073063747148723
1113	4	-0.4116730517643319
1113	5	-0.38829950603473407
1113	6	-0.42499718181285573
1113	7	-0.5054022615300369
1113	8	-0.44295712762421147
1113	9	-0.4053835389960341
1113	10-11	-0.4238768681292555
1113	12-13	-0.49221503090612373
1113	14-15	-0.43506332694897765
1113	16-17	-0.36527996246960015
1113	18-19	-0.33615074353308927
1113	20-21	-0.3665362585061658
1113	22-23	-0.3134783970728705
1113	24-25	-0.4085634093210473
1113	26-27	-0.37893524367129316
1113	28-29	-0.24771266401902636
1113	30-31	-0.25985404181646743
1113	32-33	-0.3406437639467228
1113	34-35	-0.12019781352276482
1113	36-37	-0.26285572280622915
1113	38-39	-0.24481060602406046
1113	40-41	-0.35214246418231454
1113	42-43	-0.34276668991980586
1113	44-45	-0.17170031286717347
1113	46-47	-0.13646022514949863
1113	48-49	-0.3050914792468049
1113	50-51	-0.2819014986309156
1113	52-53	-0.10945613303960045
1113	54-55	-0.2402247965852098
1113	56-57	-0.26861240533845177
1113	58-59	-0.2986843736163465
1113	60-61	-0.4142227362839819
1113	62-63	-0.45649740382667403
1113	64-65	-0.34939240238558256
1113	66-67	-0.4895753017131881
1113	68-69	-0.4253786804581381
1113	70-71	-0.25370526783005687
1113	72-73	-0.218175955883666
1113	74-75	-0.2909617818024941
1113	76-77	-0.3497406919593473
1113	78-79	-0.5644607234693524
1113	80-81	-0.441142775255571
1113	82-83	-0.4545894694940529
1113	84-85	-0.3906017532168491
1113	86-87	-0.4096414301357427
1113	88-89	-0.4458399130258428
1113	90	-0.3285820001834274
1114	1	-0.8283652013465002
1114	2	-0.7819248539790777
1114	3	-0.6598926592286816
1114	4	-0.5657982018243572
1114	5	-0.5559203043540606
1114	6	-0.6032114675271387
1114	7	-0.5189144163919863
1114	8	-0.46047363422685095
1114	9	-0.4650939231496949
1114	10-11	-0.4583362768927586
1114	12-13	-0.5157234342674641
1114	14-15	-0.5485060790498153
1114	16-17	-0.5787962439822039
1114	18-19	-0.5579709716243215
1114	20-21	-0.5289375940403787
1114	22-23	-0.4593633760644593
1114	24-25	-0.5350865185647393
1114	26-27	-0.6260030708021418
1114	28-29	-0.5434986033947737
1114	30-31	-0.4922268659461224
1114	32-33	-0.5233140820739806
1114	34-35	-0.5877387048793139
1114	36-37	-0.6248147564196742
1114	38-39	-0.7161427638872055
1114	40-41	-0.6901815548185724
1114	42-43	-0.5810687607481384
1114	44-45	-0.5087610121468771
1114	46-47	-0.5378287725684672
1114	48-49	-0.5730660440727391
1114	50-51	-0.7079808053535999
1114	52-53	-0.6938191282376778
1114	54-55	-0.5922682389621627
1114	56-57	-0.6934792270671437
1114	58-59	-0.6720836083102242
1114	60-61	-0.7638044439670537
1114	62-63	-0.8813023257954669
1114	64-65	-0.9691545572475277
1114	66-67	-1.0174316942702148
1114	68-69	-0.9350466726550124
1114	70-71	-0.921761990519137
1114	72-73	-0.8268381707696193
1114	74-75	-0.8302216107340641
1114	76-77	-0.8840357849965628
1114	78-79	-0.7851813867346564
1114	80-81	-0.8016349721343303
1114	82-83	-0.7249008440438729
1114	84-85	-0.6233065851496207
1114	86-87	-0.5980838070865211
1114	88-89	-0.8099635624856276
1114	90	-0.7712778285147586
1115	1	-0.7726894385040453
1115	2	-0.7282748566667152
1115	3	-0.6794425687447259
1115	4	-0.44090812639120003
1115	5	-0.43732002842279627
1115	6	-0.46824345046957205
1115	7	-0.4846093510822769
1115	8	-0.5548041425495853
1115	9	-0.4351783151154365
1115	10-11	-0.5416986964874582
1115	12-13	-0.5759090607568709
1115	14-15	-0.4743683642624177
1115	16-17	-0.43329768635019406
1115	18-19	-0.4065798480107006
1115	20-21	-0.42147562417780193
1115	22-23	-0.5120838075206251
1115	24-25	-0.43276117051507157
1115	26-27	-0.48688300486531944
1115	28-29	-0.542176283422009
1115	30-31	-0.6922374373388607
1115	32-33	-0.5345710027526991
1115	34-35	-0.5129543433735151
1115	36-37	-0.4875665437017531
1115	38-39	-0.4631548224419717
1115	40-41	-0.4848243671673913
1115	42-43	-0.5876454212630904
1115	44-45	-0.5649046039119412
1115	46-47	-0.4506393296271156
1115	48-49	-0.4950681583512875
1115	50-51	-0.4532774314667307
1115	52-53	-0.38741322259183164
1115	54-55	-0.576292893600133
1115	56-57	-0.6525256516071138
1115	58-59	-0.5583065751088867
1115	60-61	-0.599815087030251
1115	62-63	-0.6831765083042853
1115	64-65	-0.6894763576094718
1115	66-67	-0.7139503017131972
1115	68-69	-0.6358311058312722
1115	70-71	-0.6031642230539447
1115	72-73	-0.502606926032918
1115	74-75	-0.6479813713547316
1115	76-77	-0.7618815501683045
1115	78-79	-0.9010418801857725
1115	80-81	-0.698754715554081
1115	82-83	-0.7529196933746505
1115	84-85	-0.7052192905302803
1115	86-87	-0.7524399375984281
1115	88-89	-0.6181533458616641
1115	90	-0.5473413285416378
1116	1	-0.6828096339868139
1116	2	-0.672187153589185
1116	3	-0.6747492213225428
1116	4	-0.5540292464545971
1116	5	-0.5940056269786851
1116	6	-0.5449308101314401
1116	7	-0.5438001228869709
1116	8	-0.5841776290991376
1116	9	-0.5570538929783311
1116	10-11	-0.48372661001715755
1116	12-13	-0.532178157749783
1116	14-15	-0.7091590127896836
1116	16-17	-0.6865253533250595
1116	18-19	-0.6467075281938506
1116	20-21	-0.639887106588759
1116	22-23	-0.6672883159519216
1116	24-25	-0.6123429078461129
1116	26-27	-0.5505355386565469
1116	28-29	-0.5038898395352476
1116	30-31	-0.5264460403415399
1116	32-33	-0.6369361680765167
1116	34-35	-0.547217540661407
1116	36-37	-0.5778575664640542
1116	38-39	-0.5379789319827566
1116	40-41	-0.6513598314389526
1116	42-43	-0.6065332828401608
1116	44-45	-0.5778645827786733
1116	46-47	-0.5906490157099782
1116	48-49	-0.5192314128751292
1116	50-51	-0.6758460045306194
1116	52-53	-0.5686688911516882
1116	54-55	-0.642677783310873
1116	56-57	-0.6351822799697189
1116	58-59	-0.5721347792210665
1116	60-61	-0.6472011654875232
1116	62-63	-0.45144578140779146
1116	64-65	-0.6692615026805768
1116	66-67	-0.6233898297367944
1116	68-69	-0.5086686878327669
1116	70-71	-0.5028903710748978
1116	72-73	-0.4849808968866185
1116	74-75	-0.5261691933069201
1116	76-77	-0.64348239549917
1116	78-79	-0.463150804590299
1116	80-81	-0.38780944192223643
1116	82-83	-0.3639054724439106
1116	84-85	-0.6201869302079963
1116	86-87	-0.43343936523898563
1116	88-89	-0.3527573171556355
1116	90	-0.31367602673210015
1201	1	-0.21541657361954236
1201	2	-0.305065144578073
1201	3	-0.3081519629501699
1201	4	-0.2856309625148441
1201	5	-0.2018200435600903
1201	6	-0.24954586335443452
1201	7	-0.3436236104144186
1201	8	-0.27189475439905664
1201	9	-0.2040929710447159
1201	10-11	-0.09651568658766507
1201	12-13	-0.12351827634222445
1201	14-15	-0.07885959976844958
1201	16-17	-0.03663455171908936
1201	18-19	-0.10653867456757382
1201	20-21	-0.1339278660112342
1201	22-23	-0.09852593764081519
1201	24-25	-0.15403754725207364
1201	26-27	-0.08929528423924182
1201	28-29	-0.04486466706161707
1201	30-31	-0.11195406717143896
1201	32-33	0.009605982503586574
1201	34-35	-0.11488404577428923
1201	36-37	-0.0673676396419367
1201	38-39	-0.05683076322487324
1201	40-41	0.029692601740606506
1201	42-43	-0.018716233530348347
1201	44-45	-0.04064618000712983
1201	46-47	-0.09871174644767677
1201	48-49	-0.09285326930766047
1201	50-51	-0.019412274492978554
1201	52-53	0.02160497243707482
1201	54-55	-0.09338592741684693
1201	56-57	-0.10001770452709735
1201	58-59	-0.03866472351492689
1201	60-61	-0.09965947563490118
1201	62-63	-0.11950450321815964
1201	64-65	-0.1990361650630703
1201	66-67	-0.4082707885286112
1201	68-69	-0.2259561398901866
1201	70-71	-0.20566520697813218
1201	72-73	-0.2647340187639884
1201	74-75	-0.45239116821223035
1201	76-77	-0.46659984510336017
1201	78-79	-0.32156835531520045
1201	80-81	-0.3865585967565863
1201	82-83	-0.4686500678713301
1201	84-85	-0.4348829398294214
1201	86-87	-0.524088691799026
1201	88-89	-0.5632131381779715
1201	90	-0.7189534504876853
1202	1	-0.19089002435981683
1202	2	-0.1907298713131098
1202	3	-0.22607389807935618
1202	4	-0.2667080984933037
1202	5	-0.29119086117492543
1202	6	-0.2651607332147208
1202	7	-0.22626090638985374
1202	8	-0.23065572575504945
1202	9	-0.07908681002406581
1202	10-11	-0.0907139008395319
1202	12-13	-0.08723839539210587
1202	14-15	-0.014931901715328877
1202	16-17	-0.04948264938548874
1202	18-19	-0.13099887437420676
1202	20-21	-0.12086745009494848
1202	22-23	-0.1175350559513717
1202	24-25	-0.07334144670421949
1202	26-27	-0.010173561428302946
1202	28-29	-0.08758707990687498
1202	30-31	-0.09305205583516596
1202	32-33	-0.07987857703083279
1202	34-35	-0.17073227613958863
1202	36-37	-0.11192698448847693
1202	38-39	-0.15963829293995246
1202	40-41	-0.19122832866829498
1202	42-43	-0.0832515030039147
1202	44-45	-0.10999178482978778
1202	46-47	-0.10337611299997462
1202	48-49	-0.08986659606923553
1202	50-51	-0.22437521358418167
1202	52-53	-0.3897189835068815
1202	54-55	-0.32203846480950915
1202	56-57	-0.39061883057209457
1202	58-59	-0.2709010792238189
1202	60-61	-0.3709254231998713
1202	62-63	-0.4657263757892949
1202	64-65	-0.3877160005164271
1202	66-67	-0.6097446942365536
1202	68-69	-0.5952647785889766
1202	70-71	-0.7535533986711869
1202	72-73	-0.6081000213042245
1202	74-75	-0.7010347958211867
1202	76-77	-0.7200765564453278
1202	78-79	-0.798418083282435
1202	80-81	-0.92581567245184
1202	82-83	-0.8180766190267619
1202	84-85	-0.8919510522822662
1202	86-87	-0.92064610303294
1202	88-89	-0.8461670158295789
1202	90	-1.081122888033896
1203	1	-0.20931865799797578
1203	2	-0.220003311168405
1203	3	-0.2938677546431876
1203	4	-0.2309696467464164
1203	5	-0.22502665657236776
1203	6	-0.2529810527805978
1203	7	-0.23023873106409098
1203	8	-0.3282573068356811
1203	9	-0.18778945297452765
1203	10-11	-0.13877942189269277
1203	12-13	-0.15466126746525788
1203	14-15	-0.020814895049340976
1203	16-17	-0.06755034777425806
1203	18-19	-0.09073407686641843
1203	20-21	-0.011597862448809337
1203	22-23	-0.06512826266425975
1203	24-25	-0.12247469964361812
1203	26-27	-0.0886037024526587
1203	28-29	-0.16612776258533302
1203	30-31	-0.2132803410996189
1203	32-33	-0.17704385355246188
1203	34-35	-0.1784986647772442
1203	36-37	-0.14277731778830827
1203	38-39	-0.1958959554864279
1203	40-41	-0.14655442654790818
1203	42-43	-0.1262949157262554
1203	44-45	-0.13647069817183421
1203	46-47	-0.15723083446849984
1203	48-49	-0.11369250971275591
1203	50-51	-0.07367009182087969
1203	52-53	-0.20994224415071017
1203	54-55	-0.3081470636102992
1203	56-57	-0.26959246806246284
1203	58-59	-0.35578450802495354
1203	60-61	-0.058079143094019514
1203	62-63	-0.18754579092345125
1203	64-65	-0.11999500095189575
1203	66-67	-0.15803632321856753
1203	68-69	-0.35657603708895635
1203	70-71	-0.2960843000881255
1203	72-73	-0.2674031064212983
1203	74-75	-0.3268186366411996
1203	76-77	-0.33346717045397156
1203	78-79	-0.3257051231109287
1203	80-81	-0.47257646701184797
1203	82-83	-0.37545192469118405
1203	84-85	-0.5348378643279581
1203	86-87	-0.4379299606016893
1203	88-89	-0.3785280850688544
1203	90	-0.24295251989668998
1204	1	-0.3390248869074668
1204	2	-0.37604684012293177
1204	3	-0.3666211337510177
1204	4	-0.3546872514201027
1204	5	-0.30867923925332263
1204	6	-0.28909787028101164
1204	7	-0.22787751970560066
1204	8	-0.25634137891508857
1204	9	-0.22162063021806233
1204	10-11	-0.22865042664903967
1204	12-13	-0.22449127875465535
1204	14-15	-0.07399458770629508
1204	16-17	-0.1409861801976504
1204	18-19	-0.18833878139883353
1204	20-21	-0.17733068621700454
1204	22-23	-0.3240996320126257
1204	24-25	-0.23527382240193617
1204	26-27	-0.19008412491054116
1204	28-29	-0.3559199574785765
1204	30-31	-0.1983442526598438
1204	32-33	-0.2690979377849345
1204	34-35	-0.2200735665348148
1204	36-37	-0.23486841643789802
1204	38-39	-0.11138278760753906
1204	40-41	-0.19061546332172696
1204	42-43	-0.21670494293185527
1204	44-45	-0.2327120383404946
1204	46-47	-0.4714516192975182
1204	48-49	-0.3206578518802061
1204	50-51	-0.3961705390784189
1204	52-53	-0.35550066832358596
1204	54-55	-0.36334172859897507
1204	56-57	-0.2902480550802764
1204	58-59	-0.2398854278332152
1204	60-61	-0.17318626898622114
1204	62-63	-0.32984077732064776
1204	64-65	-0.4720075056558102
1204	66-67	-0.3509554652243736
1204	68-69	-0.3682826176354155
1204	70-71	-0.5426488994995964
1204	72-73	-0.5526477717184335
1204	74-75	-0.6513355984978446
1204	76-77	-0.547174534472262
1204	78-79	-0.490246545328219
1204	80-81	-0.43646119177881104
1204	82-83	-0.47088357448544826
1204	84-85	-0.4022121232684839
1204	86-87	-0.30195210139219597
1204	88-89	-0.43199309719107504
1204	90	-0.5176149175672471
1205	1	-0.36373022454876036
1205	2	-0.37434076771298663
1205	3	-0.4353572310223086
1205	4	-0.32821544942515146
1205	5	-0.336892342292046
1205	6	-0.3003710331077585
1205	7	-0.3899996926077307
1205	8	-0.38317955870190445
1205	9	-0.24583779964765995
1205	10-11	-0.29464623947428237
1205	12-13	-0.25453123809074896
1205	14-15	-0.1746302129138968
1205	16-17	-0.12186961368096405
1205	18-19	-0.20194961571353787
1205	20-21	-0.24669838256631493
1205	22-23	-0.19436263892750105
1205	24-25	-0.221361028368662
1205	26-27	-0.1473291450915113
1205	28-29	-0.24852798356789663
1205	30-31	-0.12284929035448044
1205	32-33	-0.11668125350394831
1205	34-35	-0.15324736448350507
1205	36-37	-0.18081259415126283
1205	38-39	-0.12893419624962377
1205	40-41	-0.15137831422408254
1205	42-43	-0.19603580019549582
1205	44-45	-0.22170057393650922
1205	46-47	-0.12585872139010235
1205	48-49	-0.36005101349910973
1205	50-51	-0.3340926536016724
1205	52-53	-0.23385619569623373
1205	54-55	-0.4490706090329937
1205	56-57	-0.3501769938931716
1205	58-59	-0.4171307499739072
1205	60-61	-0.3509147266766277
1205	62-63	-0.3884209627239201
1205	64-65	-0.39621309996286413
1205	66-67	-0.29974812961628317
1205	68-69	-0.2497936240671521
1205	70-71	-0.4082969553822764
1205	72-73	-0.7490474053406402
1205	74-75	-0.6033466502235498
1205	76-77	-0.4584638018173308
1205	78-79	-0.31176570467236076
1205	80-81	-0.4238996674861468
1205	82-83	-0.5832125897948046
1205	84-85	-0.6284051157899455
1205	86-87	-0.5903035019820244
1205	88-89	-0.526320280611472
1205	90	-0.6255353209854313
1206	1	-0.4222076888365436
1206	2	-0.40817535417915707
1206	3	-0.4221104176191659
1206	4	-0.3127415336125168
1206	5	-0.3510779713812724
1206	6	-0.38432886498117114
1206	7	-0.29112627143102543
1206	8	-0.2884315500664556
1206	9	-0.26462858850098314
1206	10-11	-0.25133664535697164
1206	12-13	-0.2599790573087617
1206	14-15	-0.21462500186646594
1206	16-17	-0.25374840306366053
1206	18-19	-0.2578132847872112
1206	20-21	-0.22269034266457766
1206	22-23	-0.19091342182534277
1206	24-25	-0.20379855783589562
1206	26-27	-0.24150125027195202
1206	28-29	-0.14641006500912113
1206	30-31	-0.31253865402769065
1206	32-33	-0.23675143721405334
1206	34-35	-0.2923378712785407
1206	36-37	-0.3870904587798307
1206	38-39	-0.23651130734419468
1206	40-41	-0.1249425879446946
1206	42-43	-0.26174152490330727
1206	44-45	-0.2413981263985221
1206	46-47	-0.24352293142013082
1206	48-49	-0.2883660254514311
1206	50-51	-0.223719774208476
1206	52-53	-0.20609185911220607
1206	54-55	-0.18467302265781882
1206	56-57	-0.22269140698861634
1206	58-59	-0.30343169209819365
1206	60-61	-0.24012517027738767
1206	62-63	-0.5451525193382238
1206	64-65	-0.4204093165770004
1206	66-67	-0.41007241392441074
1206	68-69	-0.36376667550764097
1206	70-71	-0.5588331556188422
1206	72-73	-0.6479923750255807
1206	74-75	-0.5920560474790619
1206	76-77	-0.539764413081457
1206	78-79	-0.3881230584528552
1206	80-81	-0.6062087818562318
1206	82-83	-0.6393275057976808
1206	84-85	-0.5895683373752618
1206	86-87	-0.5717618921819465
1206	88-89	-0.6901963486694065
1206	90	-0.8194545249359031
1207	1	-0.34512363973762916
1207	2	-0.38951079056190707
1207	3	-0.4353091349672411
1207	4	-0.2619924523952477
1207	5	-0.3030175659716434
1207	6	-0.29383787581916465
1207	7	-0.26396101547325657
1207	8	-0.2831661181604872
1207	9	-0.30861303426416953
1207	10-11	-0.2994634217570109
1207	12-13	-0.2983427911584897
1207	14-15	-0.2816297701666457
1207	16-17	-0.30830145300587475
1207	18-19	-0.2988045290220498
1207	20-21	-0.2216752569288758
1207	22-23	-0.19279523461229786
1207	24-25	-0.19931656389517372
1207	26-27	-0.2218137925671897
1207	28-29	-0.23509732490230562
1207	30-31	-0.24086449134328802
1207	32-33	-0.3607285431265339
1207	34-35	-0.3010663072136168
1207	36-37	-0.2207244136579689
1207	38-39	-0.2981100934057608
1207	40-41	-0.17220654146938585
1207	42-43	-0.16323396121318012
1207	44-45	-0.19346786018577689
1207	46-47	-0.17560849013373314
1207	48-49	-0.22310902656541742
1207	50-51	-0.14861384090220753
1207	52-53	-0.23014028130458541
1207	54-55	-0.26313784863567946
1207	56-57	-0.17478847000722197
1207	58-59	-0.2237799966447369
1207	60-61	-0.33763066215148996
1207	62-63	-0.253066804457589
1207	64-65	-0.297008727306725
1207	66-67	-0.20156859824315632
1207	68-69	-0.2850780101111354
1207	70-71	-0.3020372867575105
1207	72-73	-0.30083565619912633
1207	74-75	-0.23772735751227714
1207	76-77	-0.16217464306345164
1207	78-79	-0.1228173875072116
1207	80-81	-0.064044983457471
1207	82-83	-0.09492661460446783
1207	84-85	-0.3010926838162149
1207	86-87	-0.32218874874773107
1207	88-89	-0.26188092248956707
1207	90	-0.4475193030225455
1208	1	-0.4759218737501101
1208	2	-0.5399671156145871
1208	3	-0.5384289107270064
1208	4	-0.4306144846680482
1208	5	-0.3956511929187414
1208	6	-0.40051461926547205
1208	7	-0.37343059739053786
1208	8	-0.34538226030048236
1208	9	-0.36398190897328675
1208	10-11	-0.33864776464176316
1208	12-13	-0.34232685804789753
1208	14-15	-0.2878871992006822
1208	16-17	-0.3150778680799107
1208	18-19	-0.2030982416377114
1208	20-21	-0.2700784779906229
1208	22-23	-0.2717690054883306
1208	24-25	-0.35326109696319463
1208	26-27	-0.2236831587584831
1208	28-29	-0.2826162368014309
1208	30-31	-0.19708371391654822
1208	32-33	-0.23270640609987225
1208	34-35	-0.3072265758427051
1208	36-37	-0.3487716629123767
1208	38-39	-0.2942251719831219
1208	40-41	-0.275240218162601
1208	42-43	-0.25855848294482797
1208	44-45	-0.34419533750704545
1208	46-47	-0.27472406138907246
1208	48-49	-0.2702542445993501
1208	50-51	-0.25599432463546634
1208	52-53	-0.3591609283390653
1208	54-55	-0.25643049218793834
1208	56-57	-0.1587931767561912
1208	58-59	-0.2536737121303716
1208	60-61	-0.2500915289299286
1208	62-63	-0.17699588752645212
1208	64-65	-0.20539932050537146
1208	66-67	-0.06110723878673241
1208	68-69	-0.16738327674319464
1208	70-71	-0.1505959046761589
1208	72-73	-0.112686475216492
1208	74-75	-0.14115439931575935
1208	76-77	-0.07690876436268468
1208	78-79	0.01024573028348641
1208	80-81	-0.04479705880371654
1208	82-83	-0.1095141283265022
1208	84-85	-0.17505351591586304
1208	86-87	-0.04634916326689975
1208	88-89	0.005983437997663543
1208	90	0.06348822347085559
1209	1	-0.4830512824209947
1209	2	-0.5770560429860438
1209	3	-0.5741167990691167
1209	4	-0.36205589309274444
1209	5	-0.43413668315650966
1209	6	-0.5045820526615614
1209	7	-0.46892394049682906
1209	8	-0.4532477180301129
1209	9	-0.47262062386688086
1209	10-11	-0.440003482520396
1209	12-13	-0.3541246250020649
1209	14-15	-0.40092010739178363
1209	16-17	-0.32441626320760264
1209	18-19	-0.334061260138256
1209	20-21	-0.29135060352461295
1209	22-23	-0.29942973471123935
1209	24-25	-0.2414278004649475
1209	26-27	-0.3106787861067204
1209	28-29	-0.3545957359747405
1209	30-31	-0.3806231838828893
1209	32-33	-0.3130630443895299
1209	34-35	-0.32201861610579385
1209	36-37	-0.41546873018631203
1209	38-39	-0.38106637170671576
1209	40-41	-0.35866806381331173
1209	42-43	-0.39115921759508154
1209	44-45	-0.4516391966310067
1209	46-47	-0.38491040965134715
1209	48-49	-0.5254685548925622
1209	50-51	-0.4521263602545247
1209	52-53	-0.41202301495841454
1209	54-55	-0.44761524861473134
1209	56-57	-0.5070291488808891
1209	58-59	-0.4051546226938356
1209	60-61	-0.489401472446346
1209	62-63	-0.41051031895582213
1209	64-65	-0.47451463485791123
1209	66-67	-0.3604447666578352
1209	68-69	-0.5038346306426362
1209	70-71	-0.29978921616954324
1209	72-73	-0.3494836127102303
1209	74-75	-0.4712627504371838
1209	76-77	-0.5773686901143265
1209	78-79	-0.4516735924730497
1209	80-81	-0.26284019222974564
1209	82-83	-0.3323039528888856
1209	84-85	-0.3436529524788412
1209	86-87	-0.2578240869623123
1209	88-89	-0.30305393516606216
1209	90	-0.45435460165944264
1210	1	-0.6044837858252592
1210	2	-0.6169547974339693
1210	3	-0.6852145652930304
1210	4	-0.46536059637532645
1210	5	-0.5123559835507976
1210	6	-0.42349289915760835
1210	7	-0.46341127295045226
1210	8	-0.49584881213527865
1210	9	-0.3649900700452804
1210	10-11	-0.4325615130257532
1210	12-13	-0.4661639959311046
1210	14-15	-0.4403990246648988
1210	16-17	-0.49323610986431987
1210	18-19	-0.40559845945029593
1210	20-21	-0.40463605329559726
1210	22-23	-0.4551377029258319
1210	24-25	-0.324654594188992
1210	26-27	-0.41610690676908035
1210	28-29	-0.4105336401075306
1210	30-31	-0.4466092613025552
1210	32-33	-0.4349116975655676
1210	34-35	-0.47741341844782426
1210	36-37	-0.44792130096468696
1210	38-39	-0.37412694256938295
1210	40-41	-0.3907463631830339
1210	42-43	-0.48814186836377615
1210	44-45	-0.4947046401334063
1210	46-47	-0.4096436655492184
1210	48-49	-0.4516298893110502
1210	50-51	-0.40846935194997513
1210	52-53	-0.4426034385356701
1210	54-55	-0.3871018040798546
1210	56-57	-0.4110831851385939
1210	58-59	-0.3745009778276227
1210	60-61	-0.37013926911767214
1210	62-63	-0.3302750626418103
1210	64-65	-0.3697541975319112
1210	66-67	-0.2522086885797137
1210	68-69	-0.4940767086522868
1210	70-71	-0.2961044469878118
1210	72-73	-0.32998225495575184
1210	74-75	-0.24317158729856914
1210	76-77	-0.26838117197362266
1210	78-79	-0.299569797345157
1210	80-81	-0.22228481665457167
1210	82-83	-0.20730494058613402
1210	84-85	-0.45477600375217975
1210	86-87	-0.49035699044980063
1210	88-89	-0.42339523065610507
1210	90	-0.34188722859170895
1211	1	-0.5297385142829754
1211	2	-0.49214043573210375
1211	3	-0.5179666951835173
1211	4	-0.44787480917301536
1211	5	-0.37052512629662715
1211	6	-0.40881351537591115
1211	7	-0.3709790189387192
1211	8	-0.38965854044295867
1211	9	-0.38563595112560023
1211	10-11	-0.3635057878397987
1211	12-13	-0.3362036594381692
1211	14-15	-0.3181549447987351
1211	16-17	-0.3251143439306574
1211	18-19	-0.4216839964621002
1211	20-21	-0.34234152211746505
1211	22-23	-0.3266238571004365
1211	24-25	-0.33077653819768216
1211	26-27	-0.40440216303724696
1211	28-29	-0.3342712873822222
1211	30-31	-0.45177146945258073
1211	32-33	-0.39804426360213085
1211	34-35	-0.3335246140051922
1211	36-37	-0.4822703506491024
1211	38-39	-0.5588399392425316
1211	40-41	-0.42031075329327194
1211	42-43	-0.37098989805213023
1211	44-45	-0.41850057992436973
1211	46-47	-0.3612913760798975
1211	48-49	-0.4976765498877498
1211	50-51	-0.4387069345371799
1211	52-53	-0.401294951096105
1211	54-55	-0.42966936067894324
1211	56-57	-0.24952535330537273
1211	58-59	-0.1827623801635525
1211	60-61	-0.3286384409704013
1211	62-63	-0.42981752787905236
1211	64-65	-0.3532660240258352
1211	66-67	-0.3752873106725332
1211	68-69	-0.3088506394519328
1211	70-71	-0.35981398595549763
1211	72-73	-0.37387676567001904
1211	74-75	-0.359685291451008
1211	76-77	-0.4437489190441184
1211	78-79	-0.364187420574801
1211	80-81	-0.4103915691907929
1211	82-83	-0.41153166453195666
1211	84-85	-0.3996054575586854
1211	86-87	-0.2075101413693723
1211	88-89	-0.3333692031705695
1211	90	-0.4546480753040356
1212	1	-0.5934087925534755
1212	2	-0.5630387421572962
1212	3	-0.5916813747148737
1212	4	-0.4943164943872844
1212	5	-0.4019982765265411
1212	6	-0.4535627555833486
1212	7	-0.4593879172677404
1212	8	-0.46699401287011
1212	9	-0.4238056701435724
1212	10-11	-0.45971190911285476
1212	12-13	-0.427174047299566
1212	14-15	-0.4427118925227518
1212	16-17	-0.4640145936171436
1212	18-19	-0.3774827107462002
1212	20-21	-0.47930777489960974
1212	22-23	-0.46648556920401063
1212	24-25	-0.516739638829236
1212	26-27	-0.5643040961303143
1212	28-29	-0.5514985246747628
1212	30-31	-0.50756408280008
1212	32-33	-0.5496089278811525
1212	34-35	-0.5271701495883434
1212	36-37	-0.4970258047734504
1212	38-39	-0.47023581094209277
1212	40-41	-0.5228033248380584
1212	42-43	-0.5642933292640677
1212	44-45	-0.5693283866376575
1212	46-47	-0.5362962907232713
1212	48-49	-0.5462646349845173
1212	50-51	-0.5051443264997673
1212	52-53	-0.515962280580581
1212	54-55	-0.6776581982245489
1212	56-57	-0.5003798233712402
1212	58-59	-0.5994272014851987
1212	60-61	-0.4582442526774244
1212	62-63	-0.7334236333348727
1212	64-65	-0.7076608450085402
1212	66-67	-0.7431306295820406
1212	68-69	-0.6938981476712485
1212	70-71	-0.8403651038956355
1212	72-73	-0.6231452181787489
1212	74-75	-0.8460386260647894
1212	76-77	-0.9423072903200058
1212	78-79	-0.9141174857644359
1212	80-81	-0.9257329391899987
1212	82-83	-1.0000300432645446
1212	84-85	-1.0981529827250434
1212	86-87	-1.1980430694800042
1212	88-89	-1.1916595851569909
1212	90	-1.250272573953918
1213	1	-0.5546023112775131
1213	2	-0.50585427100701
1213	3	-0.5659173515040408
1213	4	-0.4382067397075957
1213	5	-0.47793321009663003
1213	6	-0.4280710051526313
1213	7	-0.4896152692669844
1213	8	-0.40478095096398903
1213	9	-0.4203553313880377
1213	10-11	-0.4189576627778706
1213	12-13	-0.45441844805634446
1213	14-15	-0.4551453304950783
1213	16-17	-0.4121051961897777
1213	18-19	-0.42817766165043025
1213	20-21	-0.4013039487060368
1213	22-23	-0.40941186741458324
1213	24-25	-0.3872908432346449
1213	26-27	-0.34231532104072926
1213	28-29	-0.3583285972878798
1213	30-31	-0.37018830197121133
1213	32-33	-0.4075203758100372
1213	34-35	-0.49717617425777405
1213	36-37	-0.33413755710668624
1213	38-39	-0.4163936572813114
1213	40-41	-0.43729297191925554
1213	42-43	-0.39693456548396
1213	44-45	-0.413649660062525
1213	46-47	-0.5118502960714935
1213	48-49	-0.44869056854403055
1213	50-51	-0.42918127780563964
1213	52-53	-0.4778607913245736
1213	54-55	-0.6223026898798594
1213	56-57	-0.5405085610444473
1213	58-59	-0.5091637014693475
1213	60-61	-0.4048568030151287
1213	62-63	-0.3704480808092683
1213	64-65	-0.3573280084461956
1213	66-67	-0.3687536543888825
1213	68-69	-0.4826072829726371
1213	70-71	-0.6364188397191697
1213	72-73	-0.4425372550454938
1213	74-75	-0.19654628373672978
1213	76-77	-0.4572114769367843
1213	78-79	-0.2291510442301572
1213	80-81	-0.2743987391498379
1213	82-83	-0.28177233538702495
1213	84-85	-0.3002580233651386
1213	86-87	-0.3286984900970573
1213	88-89	-0.416700648035512
1213	90	-0.36822376356189324
1214	1	-0.5895532208581002
1214	2	-0.6102850588205015
1214	3	-0.5437066911705699
1214	4	-0.3766572289795249
1214	5	-0.46895615160435256
1214	6	-0.4769908526989326
1214	7	-0.47317916026421614
1214	8	-0.43724510230775593
1214	9	-0.46223480481882007
1214	10-11	-0.41907069724317125
1214	12-13	-0.37920870179219435
1214	14-15	-0.351356839607206
1214	16-17	-0.3323171460138994
1214	18-19	-0.4358817561913142
1214	20-21	-0.349886733189706
1214	22-23	-0.28117222618678994
1214	24-25	-0.3548450548906601
1214	26-27	-0.4387137246839501
1214	28-29	-0.3062609235126956
1214	30-31	-0.30534059244938305
1214	32-33	-0.4495757259720392
1214	34-35	-0.4392286679531452
1214	36-37	-0.3998573050847156
1214	38-39	-0.3978525364038106
1214	40-41	-0.47528724266332745
1214	42-43	-0.3798473861223428
1214	44-45	-0.33604762299374613
1214	46-47	-0.3968399719849458
1214	48-49	-0.34891663747465174
1214	50-51	-0.5396981758461052
1214	52-53	-0.3706665760775678
1214	54-55	-0.27108318266115816
1214	56-57	-0.36748503192072945
1214	58-59	-0.424867126780903
1214	60-61	-0.34110169198018525
1214	62-63	-0.22754170762414816
1214	64-65	-0.13765980744887685
1214	66-67	-0.19274777006762633
1214	68-69	-0.0638794715973745
1214	70-71	-0.21698058428575706
1214	72-73	-0.2632313356305005
1214	74-75	-0.3209182691442649
1214	76-77	-0.2835658501871947
1214	78-79	-0.17015297030479815
1214	80-81	-0.14677568664797747
1214	82-83	-0.21307839354468427
1214	84-85	-0.2224609304320353
1214	86-87	-0.27410345545219883
1214	88-89	-0.04482725479799399
1214	90	0.06781831627226964
1215	1	-0.5870457530496225
1215	2	-0.6518598889912326
1215	3	-0.5799253673211595
1215	4	-0.39117012508534543
1215	5	-0.41100244811730136
1215	6	-0.5155871386828466
1215	7	-0.5293082227130341
1215	8	-0.4873679409328986
1215	9	-0.46062152420859803
1215	10-11	-0.4934442202549434
1215	12-13	-0.5507840389159782
1215	14-15	-0.5612923395799072
1215	16-17	-0.5688033373925805
1215	18-19	-0.4991598316415278
1215	20-21	-0.5243472181488045
1215	22-23	-0.4913898650334332
1215	24-25	-0.4818574635416226
1215	26-27	-0.5731943317797317
1215	28-29	-0.48470761934866147
1215	30-31	-0.36490699160081874
1215	32-33	-0.5419503720798104
1215	34-35	-0.4820252549891819
1215	36-37	-0.48373873266451994
1215	38-39	-0.5504315625859775
1215	40-41	-0.41937655999254275
1215	42-43	-0.44122594746756505
1215	44-45	-0.48892516653322105
1215	46-47	-0.40435301627704945
1215	48-49	-0.4741270229929597
1215	50-51	-0.5376522303006652
1215	52-53	-0.4866160991517319
1215	54-55	-0.39973207477375183
1215	56-57	-0.5132355954185499
1215	58-59	-0.4725758939490632
1215	60-61	-0.6022608986376525
1215	62-63	-0.6762986977268568
1215	64-65	-0.6342002428045603
1215	66-67	-0.5259034748493576
1215	68-69	-0.6539486511913424
1215	70-71	-0.510007639980401
1215	72-73	-0.576838540603319
1215	74-75	-0.6109673655979364
1215	76-77	-0.8542321814849174
1215	78-79	-0.9414522129949248
1215	80-81	-0.6344514628710982
1215	82-83	-0.7397870203258421
1215	84-85	-0.6594014297417985
1215	86-87	-0.5864113007457235
1215	88-89	-0.6502545772279369
1215	90	-0.5637079243978462
1216	1	-0.6584602286812782
1216	2	-0.6483888773108291
1216	3	-0.5895698681905515
1216	4	-0.47044974215579316
1216	5	-0.5346925961889468
1216	6	-0.5155991984202117
1216	7	-0.512771033772033
1216	8	-0.5403518488579024
1216	9	-0.5718440965286504
1216	10-11	-0.5161088521150177
1216	12-13	-0.46772807954194207
1216	14-15	-0.5493882824649887
1216	16-17	-0.5715666617578563
1216	18-19	-0.5057696640550304
1216	20-21	-0.5274893279011792
1216	22-23	-0.5825104996825985
1216	24-25	-0.5483395065926899
1216	26-27	-0.5385823373842271
1216	28-29	-0.47177738821831383
1216	30-31	-0.6310072891474334
1216	32-33	-0.720368704634744
1216	34-35	-0.5192810727161259
1216	36-37	-0.5478861201965017
1216	38-39	-0.6679619257156375
1216	40-41	-0.6125839677410383
1216	42-43	-0.4302066365390189
1216	44-45	-0.5678298354057176
1216	46-47	-0.5538860851732252
1216	48-49	-0.5332657823310285
1216	50-51	-0.47408974003067783
1216	52-53	-0.5491573489352106
1216	54-55	-0.5072758790288674
1216	56-57	-0.7010616194546984
1216	58-59	-0.5891436707693742
1216	60-61	-0.5191660192021388
1216	62-63	-0.5042287205526534
1216	64-65	-0.4025129539870065
1216	66-67	-0.38720059827309683
1216	68-69	-0.594877864918395
1216	70-71	-0.5903052085180747
1216	72-73	-0.703551845563382
1216	74-75	-0.43335539093654063
1216	76-77	-0.6348485656248286
1216	78-79	-0.5411670550233296
1216	80-81	-0.3902412331440672
1216	82-83	-0.5696109700871759
1216	84-85	-0.4975701695869539
1216	86-87	-0.448250564180821
1216	88-89	-0.4960949545442297
1216	90	-0.5070183880837824
1301	1	-0.406759404877711
1301	2	-0.3673321394228992
1301	3	-0.4024323628571622
1301	4	-0.3265396525548496
1301	5	-0.3144482214497586
1301	6	-0.28785291303815086
1301	7	-0.24371500856560857
1301	8	-0.2527051513396259
1301	9	-0.08389638484583628
1301	10-11	-0.15405843927550222
1301	12-13	-0.14985337082707417
1301	14-15	-0.0074608071861348435
1301	16-17	-0.036239695671177685
1301	18-19	-0.10868532851332446
1301	20-21	-0.1566511300476634
1301	22-23	-0.32238526466179707
1301	24-25	-0.3681236860008852
1301	26-27	-0.34181073774243487
1301	28-29	-0.2153843537423441
1301	30-31	-0.060290059603033797
1301	32-33	0.06873617676473742
1301	34-35	5.321765958115066E-4
1301	36-37	-0.1103828967192797
1301	38-39	-0.11833209811891976
1301	40-41	-0.14198559659337917
1301	42-43	-0.3765339824099314
1301	44-45	-0.2355948286774492
1301	46-47	-0.24788315005068995
1301	48-49	-0.28648105434562154
1301	50-51	-0.13730787214869622
1301	52-53	-0.3117757970712205
1301	54-55	-0.4109103203006228
1301	56-57	-0.3980899251012957
1301	58-59	-0.406333830138081
1301	60-61	-0.6426627066397188
1301	62-63	-0.4816456251705503
1301	64-65	-0.31944922056740666
1301	66-67	-0.18055109222702725
1301	68-69	-0.29458693144627546
1301	70-71	-0.3357853073557564
1301	72-73	-0.521350362998291
1301	74-75	-0.46115817508312773
1301	76-77	-0.6083832314850355
1301	78-79	-0.3932317214930734
1301	80-81	-0.7964392179433233
1301	82-83	-0.6972055762134204
1301	84-85	-0.5966516544026206
1301	86-87	-0.6937224578037267
1301	88-89	-0.9405632331839442
1301	90	-1.0823492926735447
>>END_MODULE
>>Per sequence quality scores	pass
#Quality	Count
13	6.0
14	44.0
15	131.0
16	278.0
17	424.0
18	636.0
19	843.0
20	1096.0
21	1351.0
22	1513.0
23	1616.0
24	1762.0
25	2085.0
26	2534.0
27	3128.0
28	3925.0
29	4749.0
30	5898.0
31	7743.0
32	10056.0
33	13145.0
34	18468.0
35	27883.0
36	46484.0
37	85709.0
38	128132.0
39	73713.0
40	551.0
41	0.0
42	0.0
43	0.0
44	0.0
45	0.0
46	0.0
47	0.0
48	0.0
49	93.0
>>END_MODULE
>>Per base sequence content	pass
#Base	G	A	T	C
1	21.124614236667636	27.652327203951298	25.430961607390422	25.79209695199064
2	23.811475779061073	28.280660186127804	26.79438553500482	21.113478499806305
3	22.232312261425655	26.65633126174563	28.38555867520539	22.725797801623322
4	22.58128451607672	27.56173479040352	27.14844277876377	22.70853791475599
5	23.23917332588582	27.528626384021475	27.46556275281759	21.76663753727511
6	23.35358877107001	27.241011180280907	26.678168271786234	22.727231776862855
7	23.21034423733547	27.7894395445004	26.98245029234498	22.017765925819152
8	22.23240749916666	27.49799547743673	27.71173614176704	22.557860881629566
9	22.54840133694898	26.92974711483887	27.92119748826566	22.600654059946486
10-11	23.000545049955402	27.368264578960172	26.92411643348138	22.70707393760304
12-13	22.87734574185353	27.734258867197003	26.567469076297982	22.820926314651484
14-15	23.02914891125145	27.712862278038543	26.663753727511057	22.594235083198946
16-17	23.127122766871775	27.69743421111902	26.5860503247777	22.589392697231506
18-19	22.99851800466671	27.671420463247415	26.562288849449097	22.76777268263678
20-21	23.24412832548041	27.697096370237567	26.313187506193746	22.74558779808827
22-23	23.23804718961432	27.69101523437148	26.255754556347355	22.815183019666843
24-25	23.13489310714511	27.647771601545962	26.403053180659285	22.814282110649646
26-27	23.281290822439843	27.673109667654668	26.231092172001553	22.814507337903944
28-29	23.29942161641096	27.763200569374497	26.085032297588267	22.852345516626276
30-31	23.3038135478698	27.810160451895964	26.038072415066804	22.84795358516743
32-33	23.187483671024065	27.79822340741808	26.026698438724672	22.987594482833178
34-35	23.176222308309082	27.897210785682752	26.081541275146623	22.84502563086154
36-37	23.06383390841359	27.977504301840554	26.070167298804492	22.888494490941362
38-39	23.174195263020387	27.890904422562368	26.03199127920071	22.902909035216535
40-41	23.215524464184362	27.8731114694727	26.051923891206226	22.859440175136715
42-43	23.103699132424616	27.97052225695727	26.05372570924062	22.87205290137749
44-45	23.07453220299282	27.965679870989828	26.14877161055505	22.8110163154623
46-47	23.15628969630357	28.066356453661744	26.092577410607305	22.68477643942738
48-49	23.15544093965022	28.05358168447843	26.15581256545682	22.635164810414533
50-51	23.155885400243253	28.070408576962926	26.16638136853011	22.607324654263707
52-53	23.10577821822318	28.207524859514184	26.181375916395456	22.50532100586718
54-55	23.081652854589745	28.187785687017097	26.2826988111366	22.44786264725656
56-57	23.06476079149451	28.129339148707587	26.25961299157311	22.546287068224792
58-59	22.99974435468704	28.296219715321485	26.282590554187234	22.421445375804243
60-61	22.966881122724196	28.331961310070124	26.238002304098163	22.463155263107517
62-63	23.066086180956585	28.20160541986865	26.29607023486698	22.436238164307788
64-65	23.02509482067406	28.341809385670143	26.267578987198082	22.365516806457716
66-67	23.015072207857727	28.294624275894375	26.31183614266795	22.37846737357994
68-69	22.997054027513762	28.33595347705835	26.265777169163684	22.4012153262642
70-71	23.117100154055443	28.44586437715655	26.299110802800023	22.13792466598798
72-73	23.010004594635987	28.394512563176242	26.323097505382933	22.272385336804838
74-75	23.082527770520457	28.39732790385499	26.326701141451725	22.193443184172832
76-77	22.98680618744313	28.536856187893584	26.318480346669794	22.157857277993497
78-79	23.055959404628243	28.594128491198596	26.20759631659615	22.14231578757701
80-81	23.162753822469828	28.39568320207934	26.304403399652916	22.137159575797913
82-83	23.013383003450482	28.504198236020144	26.38053045522933	22.101888305300047
84-85	23.005788809802684	28.396139291828092	26.379516172628165	22.21855572574106
86-87	22.996821764269963	28.45027784222346	26.395349099124466	22.157551294382113
88-89	23.157090987719947	28.385348625589003	26.321029254097105	22.136531132593948
90	23.10214892711306	28.368720846687644	26.366644218663076	22.162486007536224
>>END_MODULE
>>Per sequence GC content	pass
#GC Content	Count
0	0.0
1	0.5
2	3.5
3	5.5
4	3.5
5	3.5
6	7.5
7	12.0
8	16.0
9	24.5
10	31.0
11	39.0
12	49.5
13	64.5
14	101.5
15	150.0
16	202.5
17	292.5
18	412.0
19	619.0
20	768.0
21	886.0
22	1212.5
23	1662.0
24	2250.5
25	2938.5
26	3730.0
27	4644.5
28	5536.5
29	6437.0
30	6909.0
31	7430.5
32	8764.0
33	10332.5
34	11702.5
35	12938.0
36	14112.5
37	15088.0
38	15667.5
39	15795.0
40	15766.0
41	15848.0
42	16033.0
43	15978.5
44	15948.5
45	16002.5
46	15968.5
47	15831.0
48	15600.5
49	15259.0
50	14971.0
51	14744.5
52	14298.0
53	13891.5
54	13458.0
55	13120.5
56	12913.0
57	12466.0
58	11671.0
59	10427.0
60	9648.0
61	9118.0
62	7791.5
63	6194.0
64	4768.5
65	3657.0
66	2785.0
67	2049.5
68	1454.0
69	1055.0
70	901.0
71	775.0
72	552.5
73	385.5
74	258.5
75	173.5
76	118.5
77	84.5
78	61.0
79	37.5
80	30.0
81	25.5
82	19.5
83	15.5
84	11.5
85	6.5
86	2.0
87	1.0
88	1.0
89	0.5
90	0.0
91	0.0
92	0.0
93	0.0
94	0.0
95	0.0
96	0.0
97	0.0
98	0.0
99	0.0
100	0.0
>>END_MODULE
>>Per base N content	pass
#Base	N-Count
1	0.08896476544833738
2	0.0
3	0.048198632420111895
4	0.0
5	0.0
6	0.0
7	0.0
8	0.0
9	0.0
10-11	0.0
12-13	0.0
14-15	0.0
16-17	0.0
18-19	0.0
20-21	0.0
22-23	0.0
24-25	0.0
26-27	0.0
28-29	0.0
30-31	0.0
32-33	0.0
34-35	0.0
36-37	0.0
38-39	0.0
40-41	0.0
42-43	0.0
44-45	0.0
46-47	0.0
48-49	2.252272542995883E-4
50-51	0.0036036360687934127
52-53	2.252272542995883E-4
54-55	1.1261362714979415E-4
56-57	1.1261362714979415E-4
58-59	0.004842385967441147
60-61	0.0010135226443481473
62-63	0.0
64-65	0.0
66-67	0.0
68-69	0.0
70-71	0.0
72-73	0.0
74-75	0.0
76-77	0.0
78-79	0.0010135226443481473
80-81	0.0021396589158460886
82-83	0.0
84-85	0.008108181154785178
86-87	0.008783862917683943
88-89	0.005405454103190118
90	0.001576590780097118
>>END_MODULE
>>Sequence Length Distribution	pass
#Length	Count
90	443996.0
>>END_MODULE
>>Sequence Duplication Levels	pass
#Total Deduplicated Percentage	95.09521678485277
#Duplication Level	Percentage of total
1	91.13614459992073
2	6.796104690324167
3	1.2060404342095348
4	0.3474837529326901
5	0.15499926163035335
6	0.07878467176755499
7	0.03201278546979932
8	0.045332480197172134
9	0.049378192286444196
>10	0.15371913126155853
>50	0.0
>100	0.0
>500	0.0
>1k	0.0
>5k	0.0
>10k+	0.0
>>END_MODULE
>>Overrepresented sequences	pass
>>END_MODULE
>>Adapter Content	pass
#Position	Illumina Universal Adapter	Illumina Small RNA 3' Adapter	Illumina Small RNA 5' Adapter	Nextera Transposase Sequence	PolyA	PolyG
1	0.0	0.0	0.0	0.0	0.044144541842719306	0.0
2	0.0	0.0	0.0	2.252272542995883E-4	0.056982495337795834	0.0
3	0.0	0.0	0.0	2.252272542995883E-4	0.06756817628987649	0.0
4	0.0	0.0	0.0	2.252272542995883E-4	0.07927999351345508	0.0
5	0.0	0.0	0.0	2.252272542995883E-4	0.08716294741394066	0.0
6	0.0	0.0	0.0	2.252272542995883E-4	0.09864953738321967	0.0
7	0.0	2.252272542995883E-4	0.0	2.252272542995883E-4	0.10855953657240155	0.0
8	0.0	2.252272542995883E-4	0.0	2.252272542995883E-4	0.1193704447787818	0.0
9	0.0	6.756817628987648E-4	0.0	2.252272542995883E-4	0.13333453454535626	0.0
10-11	0.0	6.756817628987648E-4	0.0	2.252272542995883E-4	0.15844737339976034	0.0
12-13	0.0	6.756817628987648E-4	0.0	2.252272542995883E-4	0.18783953008585663	0.0
14-15	0.0	6.756817628987648E-4	0.0	2.252272542995883E-4	0.22229929999369363	0.0
16-17	0.0	6.756817628987648E-4	0.0	2.252272542995883E-4	0.25506986549428373	2.252272542995883E-4
18-19	0.0	6.756817628987648E-4	0.0	2.252272542995883E-4	0.2873899764862746	6.756817628987648E-4
20-21	0.0	6.756817628987648E-4	0.0	2.252272542995883E-4	0.3272552004973018	0.0011261362714979413
22-23	0.0	9.009090171983532E-4	0.0	2.252272542995883E-4	0.3672330381354787	0.0011261362714979413
24-25	0.0	9.009090171983532E-4	0.0	2.252272542995883E-4	0.40473337597636017	0.0013513635257975296
26-27	0.0	9.009090171983532E-4	0.0	2.252272542995883E-4	0.4492157587005288	0.001576590780097118
28-29	0.0	9.009090171983532E-4	0.0	2.252272542995883E-4	0.5037207542410292	0.0016892044072469121
30-31	0.0	9.009090171983532E-4	0.0	2.252272542995883E-4	0.5552977954756348	0.0020270452886962946
32-33	0.0	9.009090171983532E-4	0.0	2.252272542995883E-4	0.6148704042378761	0.0021396589158460886
34-35	0.0	9.009090171983532E-4	0.0	2.252272542995883E-4	0.6746682402544166	0.002477499797295471
36-37	0.0	9.009090171983532E-4	0.0	2.252272542995883E-4	0.7344660762709574	0.002590113424445265
38-39	0.0	9.009090171983532E-4	0.0	2.252272542995883E-4	0.7893089126929071	0.0028153406787448532
40-41	0.0	9.009090171983532E-4	0.0	2.252272542995883E-4	0.8429129992162092	0.0033784088144938242
42-43	0.0	9.009090171983532E-4	0.0	5.630681357489707E-4	0.9147604933377778	0.0038288633230930008
44-45	0.0	9.009090171983532E-4	0.0	6.756817628987648E-4	0.9859323056964477	0.004054090577392589
46-47	0.0	9.009090171983532E-4	0.0	6.756817628987648E-4	1.0471941188659357	0.004054090577392589
48-49	0.0	9.009090171983532E-4	0.0	6.756817628987648E-4	1.0993342282362903	0.004842385967441148
50-51	0.0	9.009090171983532E-4	0.0	9.009090171983532E-4	1.1601455868971793	0.005292840476040325
52-53	0.0	9.009090171983532E-4	0.0	9.009090171983532E-4	1.2262497860341084	0.0069820448832872365
54-55	0.0	9.009090171983532E-4	0.0	9.009090171983532E-4	1.2897638717465925	0.0074324993918864135
56-57	0.0	9.009090171983532E-4	0.0	0.0010135226443481473	1.3431427310155948	0.008446022036234561
58-59	0.0	9.009090171983532E-4	0.0	0.0011261362714979413	1.40046306723484	0.009459544680582709
60-61	0.0	9.009090171983532E-4	0.0	0.0011261362714979413	1.454630221893891	0.012162271732177769
62-63	0.0	9.009090171983532E-4	0.0	0.0011261362714979413	1.5144280579104317	0.014639771529473239
64-65	0.0	9.009090171983532E-4	0.0	0.0011261362714979413	1.573212371282624	0.01745511220821809
66-67	0.0	0.0011261362714979413	0.0	0.0011261362714979413	1.6376273660123064	0.01959477112406418
68-69	0.0	0.0011261362714979413	0.0	0.0011261362714979413	1.7004657699618915	0.021847043667060063
70-71	0.0	0.0011261362714979413	0.0	0.0011261362714979413	1.7627411057757278	0.023874088955756358
72-73	0.0	0.0011261362714979413	0.0	0.0011261362714979413	1.8196109874863737	0.026238975125902037
74-75	0.0	0.0011261362714979413	0.0	0.0011261362714979413	1.8727646195010765	0.028941702177497093
76-77	0.0	0.0011261362714979413	0.0	0.0011261362714979413	1.9304227966017713	0.03254533824629051
78-79	0.0	0.0012387498986477356	0.0	0.0011261362714979413	1.9838016558707736	0.0364868151965333
>>END_MODULE
